Trip ID	RFID	Trip length (in seconds)
1	00 4A 31 06 09 00 12 E0	819
2	00 4A 31 06 09 00 12 E0	979
3	00 4A 31 06 09 00 12 E0	527
4	00 4A 31 06 09 00 12 E0	1712
5	00 4A 31 06 09 00 12 E0	2712
6	00 4A 31 06 09 00 12 E0	1591
7	00 4A 31 06 09 00 12 E0	1496
8	00 4A 31 06 09 00 12 E0	1203
9	00 4A 31 06 09 00 12 E0	1651
10	00 4A 31 06 09 00 12 E0	3020
11	00 4A 31 06 09 00 12 E0	1517
12	00 4A 31 06 09 00 12 E0	2952
13	00 4A 31 06 09 00 12 E0	4002
14	00 4A 31 06 09 00 12 E0	829
15	00 4A 31 06 09 00 12 E0	1748
16	00 4A 31 06 09 00 12 E0	1768
17	00 4A 31 06 09 00 12 E0	1156
18	00 4A 31 06 09 00 12 E0	1827
19	00 4A 31 06 09 00 12 E0	912
20	00 4A 31 06 09 00 12 E0	1514
21	00 4A 31 06 09 00 12 E0	1946
22	00 4A 31 06 09 00 12 E0	1631
23	00 4A 31 06 09 00 12 E0	1272
24	00 4A 31 06 09 00 12 E0	1455
25	00 4A 31 06 09 00 12 E0	1688
26	00 4A 31 06 09 00 12 E0	1968
27	00 4A 31 06 09 00 12 E0	1034
28	00 4A 31 06 09 00 12 E0	1933
29	00 4A 31 06 09 00 12 E0	1208
30	00 4A 31 06 09 00 12 E0	1732
31	00 4A 31 06 09 00 12 E0	1275
32	00 4A 31 06 09 00 12 E0	1295
33	00 4A 31 06 09 00 12 E0	2121
34	02 4A 31 06 09 00 12 E0	323
35	02 4A 31 06 09 00 12 E0	740
36	02 4A 31 06 09 00 12 E0	376
37	02 4A 31 06 09 00 12 E0	532
38	02 4A 31 06 09 00 12 E0	651
39	02 4A 31 06 09 00 12 E0	958
40	02 4A 31 06 09 00 12 E0	3140
41	02 4A 31 06 09 00 12 E0	1425
42	02 4A 31 06 09 00 12 E0	791
43	02 4A 31 06 09 00 12 E0	411
44	02 4A 31 06 09 00 12 E0	6775
45	02 4A 31 06 09 00 12 E0	421
46	02 4A 31 06 09 00 12 E0	1405
47	02 4A 31 06 09 00 12 E0	2221
48	02 4A 31 06 09 00 12 E0	1829
49	02 4A 31 06 09 00 12 E0	396
50	02 4A 31 06 09 00 12 E0	425
51	02 4A 31 06 09 00 12 E0	321
52	02 4A 31 06 09 00 12 E0	376
53	02 4A 31 06 09 00 12 E0	367
54	02 4A 31 06 09 00 12 E0	350
55	02 4A 31 06 09 00 12 E0	317
56	02 4A 31 06 09 00 12 E0	414
57	02 4A 31 06 09 00 12 E0	797
58	02 4A 31 06 09 00 12 E0	818
59	02 4A 31 06 09 00 12 E0	335
60	02 4A 31 06 09 00 12 E0	444
61	02 4A 31 06 09 00 12 E0	345
62	02 4A 31 06 09 00 12 E0	331
63	02 4A 31 06 09 00 12 E0	341
64	02 4A 31 06 09 00 12 E0	431
65	02 4A 31 06 09 00 12 E0	371
66	02 4A 31 06 09 00 12 E0	373
67	02 4A 31 06 09 00 12 E0	374
68	02 4A 31 06 09 00 12 E0	348
69	02 4A 31 06 09 00 12 E0	319
70	02 4A 31 06 09 00 12 E0	317
71	02 4A 31 06 09 00 12 E0	369
72	02 4A 31 06 09 00 12 E0	478
73	02 4A 31 06 09 00 12 E0	355
74	02 4A 31 06 09 00 12 E0	4052
75	02 4A 31 06 09 00 12 E0	664
76	02 4A 31 06 09 00 12 E0	406
77	02 4A 31 06 09 00 12 E0	470
78	02 4A 31 06 09 00 12 E0	757
79	02 4A 31 06 09 00 12 E0	347
80	02 4A 31 06 09 00 12 E0	461
81	02 4A 31 06 09 00 12 E0	359
82	02 4A 31 06 09 00 12 E0	437
83	02 4A 31 06 09 00 12 E0	5998
84	02 4A 31 06 09 00 12 E0	414
85	02 4A 31 06 09 00 12 E0	563
86	02 4A 31 06 09 00 12 E0	2150
87	02 4A 31 06 09 00 12 E0	632
88	02 4A 31 06 09 00 12 E0	338
89	02 4A 31 06 09 00 12 E0	332
90	02 4A 31 06 09 00 12 E0	431
91	02 4A 31 06 09 00 12 E0	336
92	02 4A 31 06 09 00 12 E0	6253
93	02 4A 31 06 09 00 12 E0	9506
94	02 4A 31 06 09 00 12 E0	411
95	02 4A 31 06 09 00 12 E0	2853
96	02 4A 31 06 09 00 12 E0	2998
97	02 4A 31 06 09 00 12 E0	6272
98	02 4A 31 06 09 00 12 E0	6620
99	02 4A 31 06 09 00 12 E0	7193
100	02 4A 31 06 09 00 12 E0	3467
101	02 4A 31 06 09 00 12 E0	6145
102	02 4A 31 06 09 00 12 E0	3788
103	02 4A 31 06 09 00 12 E0	4295
104	02 4A 31 06 09 00 12 E0	6075
105	02 4A 31 06 09 00 12 E0	2557
106	02 4A 31 06 09 00 12 E0	2236
107	02 4A 31 06 09 00 12 E0	5374
108	02 4A 31 06 09 00 12 E0	2544
109	02 4A 31 06 09 00 12 E0	6587
110	02 4A 31 06 09 00 12 E0	7391
111	02 4A 31 06 09 00 12 E0	3550
112	02 4A 31 06 09 00 12 E0	5362
113	02 4A 31 06 09 00 12 E0	4041
114	02 4A 31 06 09 00 12 E0	2213
115	02 4A 31 06 09 00 12 E0	2901
116	02 4A 31 06 09 00 12 E0	2344
117	02 4A 31 06 09 00 12 E0	2823
118	02 4A 31 06 09 00 12 E0	4186
119	02 4A 31 06 09 00 12 E0	7085
120	02 4A 31 06 09 00 12 E0	5925
121	02 4A 31 06 09 00 12 E0	1450
122	02 4A 31 06 09 00 12 E0	2359
123	07 4A 31 06 09 00 12 E0	2200
124	09 4A 31 06 09 00 12 E0	760
125	09 4A 31 06 09 00 12 E0	426
126	09 4A 31 06 09 00 12 E0	3400
127	09 4A 31 06 09 00 12 E0	1357
128	09 4A 31 06 09 00 12 E0	664
129	09 4A 31 06 09 00 12 E0	714
130	09 4A 31 06 09 00 12 E0	6105
131	09 4A 31 06 09 00 12 E0	7771
132	09 4A 31 06 09 00 12 E0	4476
133	09 4A 31 06 09 00 12 E0	13613
134	09 4A 31 06 09 00 12 E0	1708
135	09 4A 31 06 09 00 12 E0	1641
136	09 4A 31 06 09 00 12 E0	653
137	09 4A 31 06 09 00 12 E0	2068
138	09 4A 31 06 09 00 12 E0	10425
139	09 4A 31 06 09 00 12 E0	10381
140	09 4A 31 06 09 00 12 E0	5875
141	09 4A 31 06 09 00 12 E0	391
142	09 4A 31 06 09 00 12 E0	1353
143	09 4A 31 06 09 00 12 E0	1396
144	09 4A 31 06 09 00 12 E0	849
145	09 4A 31 06 09 00 12 E0	1378
146	09 4A 31 06 09 00 12 E0	1528
147	09 4A 31 06 09 00 12 E0	1144
148	09 4A 31 06 09 00 12 E0	992
149	09 4A 31 06 09 00 12 E0	6728
150	09 4A 31 06 09 00 12 E0	6789
151	09 4A 31 06 09 00 12 E0	5285
152	09 4A 31 06 09 00 12 E0	9812
153	09 4A 31 06 09 00 12 E0	10424
154	09 4A 31 06 09 00 12 E0	4201
155	09 4A 31 06 09 00 12 E0	1942
156	09 4A 31 06 09 00 12 E0	579
157	09 4A 31 06 09 00 12 E0	432
158	09 4A 31 06 09 00 12 E0	719
159	09 4A 31 06 09 00 12 E0	743
160	09 4A 31 06 09 00 12 E0	612
161	09 4A 31 06 09 00 12 E0	860
162	09 4A 31 06 09 00 12 E0	1068
163	09 4A 31 06 09 00 12 E0	1189
164	09 4A 31 06 09 00 12 E0	579
165	09 4A 31 06 09 00 12 E0	728
166	09 4A 31 06 09 00 12 E0	822
167	09 4A 31 06 09 00 12 E0	754
168	09 4A 31 06 09 00 12 E0	762
169	09 4A 31 06 09 00 12 E0	608
170	09 4A 31 06 09 00 12 E0	608
171	09 4A 31 06 09 00 12 E0	528
172	09 4A 31 06 09 00 12 E0	601
173	09 4A 31 06 09 00 12 E0	615
174	09 4A 31 06 09 00 12 E0	741
175	09 4A 31 06 09 00 12 E0	327
176	09 4A 31 06 09 00 12 E0	955
177	09 4A 31 06 09 00 12 E0	588
178	09 4A 31 06 09 00 12 E0	327
179	09 4A 31 06 09 00 12 E0	606
180	09 4A 31 06 09 00 12 E0	3711
181	09 4A 31 06 09 00 12 E0	3743
182	09 4A 31 06 09 00 12 E0	3823
183	09 4A 31 06 09 00 12 E0	3341
184	09 4A 31 06 09 00 12 E0	1008
185	09 4A 31 06 09 00 12 E0	2526
186	09 4A 31 06 09 00 12 E0	3470
187	09 4A 31 06 09 00 12 E0	2542
188	09 4A 31 06 09 00 12 E0	3714
189	09 4A 31 06 09 00 12 E0	4809
190	09 4A 31 06 09 00 12 E0	3387
191	09 4A 31 06 09 00 12 E0	1652
192	09 4A 31 06 09 00 12 E0	686
193	09 4A 31 06 09 00 12 E0	5036
194	09 4A 31 06 09 00 12 E0	4245
195	09 4A 31 06 09 00 12 E0	3861
196	09 4A 31 06 09 00 12 E0	9203
197	09 4A 31 06 09 00 12 E0	1210
198	09 4A 31 06 09 00 12 E0	2792
199	09 4A 31 06 09 00 12 E0	4679
200	09 4A 31 06 09 00 12 E0	3881
201	09 4A 31 06 09 00 12 E0	3417
202	09 4A 31 06 09 00 12 E0	3230
203	09 4A 31 06 09 00 12 E0	2522
204	09 4A 31 06 09 00 12 E0	1265
205	09 4A 31 06 09 00 12 E0	3171
206	09 4A 31 06 09 00 12 E0	4089
207	0A 4A 31 06 09 00 12 E0	419
208	0A 4A 31 06 09 00 12 E0	624
209	0A 4A 31 06 09 00 12 E0	618
210	0A 4A 31 06 09 00 12 E0	748
211	0A 4A 31 06 09 00 12 E0	4153
212	0C 4F 31 06 09 00 12 E0	315
213	0D 4F 31 06 09 00 12 E0	520
214	0D 4F 31 06 09 00 12 E0	752
215	0D 4F 31 06 09 00 12 E0	1375
216	0D 4F 31 06 09 00 12 E0	603
217	0F 4A 31 06 09 00 12 E0	325
218	12 4A 31 06 09 00 12 E0	4746
219	12 4A 31 06 09 00 12 E0	510
220	12 4A 31 06 09 00 12 E0	1811
221	12 4A 31 06 09 00 12 E0	6431
222	12 4A 31 06 09 00 12 E0	6177
223	12 4A 31 06 09 00 12 E0	8354
224	12 4A 31 06 09 00 12 E0	8387
225	12 4A 31 06 09 00 12 E0	4981
226	12 4A 31 06 09 00 12 E0	8912
227	12 4A 31 06 09 00 12 E0	7678
228	12 4A 31 06 09 00 12 E0	469
229	12 4A 31 06 09 00 12 E0	2094
230	12 4A 31 06 09 00 12 E0	375
231	12 4A 31 06 09 00 12 E0	880
232	12 4A 31 06 09 00 12 E0	486
233	12 4A 31 06 09 00 12 E0	7569
234	12 4A 31 06 09 00 12 E0	7383
235	12 4A 31 06 09 00 12 E0	5241
236	12 4A 31 06 09 00 12 E0	9127
237	12 4A 31 06 09 00 12 E0	7497
238	12 4A 31 06 09 00 12 E0	9676
239	12 4A 31 06 09 00 12 E0	8395
240	12 4A 31 06 09 00 12 E0	9018
241	12 4A 31 06 09 00 12 E0	8821
242	12 4A 31 06 09 00 12 E0	13705
243	12 4A 31 06 09 00 12 E0	11931
244	12 4A 31 06 09 00 12 E0	10912
245	12 4A 31 06 09 00 12 E0	11516
246	12 4A 31 06 09 00 12 E0	9046
247	12 4A 31 06 09 00 12 E0	7473
248	12 4A 31 06 09 00 12 E0	5733
249	12 4A 31 06 09 00 12 E0	4199
250	12 4A 31 06 09 00 12 E0	476
251	12 4A 31 06 09 00 12 E0	5961
252	12 4A 31 06 09 00 12 E0	4005
253	12 4A 31 06 09 00 12 E0	5536
254	12 4A 31 06 09 00 12 E0	6122
255	12 4A 31 06 09 00 12 E0	5134
256	13 4A 31 06 09 00 12 E0	341
257	13 4A 31 06 09 00 12 E0	2946
258	13 4A 31 06 09 00 12 E0	4120
259	13 4A 31 06 09 00 12 E0	4521
260	13 4A 31 06 09 00 12 E0	5531
261	13 4A 31 06 09 00 12 E0	6055
262	13 4A 31 06 09 00 12 E0	4566
263	13 4A 31 06 09 00 12 E0	2483
264	13 4A 31 06 09 00 12 E0	3654
265	13 4A 31 06 09 00 12 E0	3547
266	13 4A 31 06 09 00 12 E0	2966
267	13 4A 31 06 09 00 12 E0	3428
268	14 51 31 06 09 00 12 E0	515
269	15 51 31 06 09 00 12 E0	816
270	15 51 31 06 09 00 12 E0	884
271	15 51 31 06 09 00 12 E0	872
272	15 51 31 06 09 00 12 E0	926
273	15 51 31 06 09 00 12 E0	782
274	15 51 31 06 09 00 12 E0	1019
275	15 51 31 06 09 00 12 E0	925
276	15 51 31 06 09 00 12 E0	1058
277	15 51 31 06 09 00 12 E0	1012
278	15 51 31 06 09 00 12 E0	1130
279	15 51 31 06 09 00 12 E0	695
280	15 51 31 06 09 00 12 E0	537
281	15 51 31 06 09 00 12 E0	685
282	15 51 31 06 09 00 12 E0	751
283	15 51 31 06 09 00 12 E0	784
284	15 51 31 06 09 00 12 E0	676
285	15 51 31 06 09 00 12 E0	738
286	15 51 31 06 09 00 12 E0	602
287	15 51 31 06 09 00 12 E0	772
288	15 51 31 06 09 00 12 E0	754
289	15 51 31 06 09 00 12 E0	797
290	15 51 31 06 09 00 12 E0	1027
291	15 51 31 06 09 00 12 E0	868
292	15 51 31 06 09 00 12 E0	365
293	15 51 31 06 09 00 12 E0	605
294	15 51 31 06 09 00 12 E0	701
295	15 51 31 06 09 00 12 E0	745
296	15 51 31 06 09 00 12 E0	818
297	15 51 31 06 09 00 12 E0	691
298	15 51 31 06 09 00 12 E0	745
299	15 51 31 06 09 00 12 E0	734
300	15 51 31 06 09 00 12 E0	683
301	15 51 31 06 09 00 12 E0	692
302	15 51 31 06 09 00 12 E0	801
303	15 51 31 06 09 00 12 E0	728
304	15 51 31 06 09 00 12 E0	430
305	15 51 31 06 09 00 12 E0	394
306	15 51 31 06 09 00 12 E0	943
307	15 51 31 06 09 00 12 E0	853
308	15 51 31 06 09 00 12 E0	1037
309	15 51 31 06 09 00 12 E0	997
310	15 51 31 06 09 00 12 E0	832
311	15 51 31 06 09 00 12 E0	803
312	15 51 31 06 09 00 12 E0	839
313	15 51 31 06 09 00 12 E0	772
314	15 51 31 06 09 00 12 E0	778
315	15 51 31 06 09 00 12 E0	1013
316	15 51 31 06 09 00 12 E0	424
317	15 51 31 06 09 00 12 E0	821
318	15 51 31 06 09 00 12 E0	1050
319	15 51 31 06 09 00 12 E0	630
320	15 51 31 06 09 00 12 E0	603
321	15 51 31 06 09 00 12 E0	648
322	15 51 31 06 09 00 12 E0	769
323	15 51 31 06 09 00 12 E0	978
324	15 51 31 06 09 00 12 E0	656
325	15 51 31 06 09 00 12 E0	1414
326	15 51 31 06 09 00 12 E0	1389
327	15 51 31 06 09 00 12 E0	2607
328	15 51 31 06 09 00 12 E0	678
329	15 51 31 06 09 00 12 E0	631
330	15 51 31 06 09 00 12 E0	610
331	15 51 31 06 09 00 12 E0	651
332	15 51 31 06 09 00 12 E0	606
333	15 51 31 06 09 00 12 E0	694
334	15 51 31 06 09 00 12 E0	630
335	15 51 31 06 09 00 12 E0	706
336	15 51 31 06 09 00 12 E0	745
337	15 51 31 06 09 00 12 E0	807
338	15 51 31 06 09 00 12 E0	1352
339	15 51 31 06 09 00 12 E0	419
340	15 51 31 06 09 00 12 E0	1526
341	15 51 31 06 09 00 12 E0	2888
342	15 51 31 06 09 00 12 E0	610
343	15 51 31 06 09 00 12 E0	893
344	15 51 31 06 09 00 12 E0	677
345	15 51 31 06 09 00 12 E0	728
346	15 51 31 06 09 00 12 E0	750
347	15 51 31 06 09 00 12 E0	821
348	15 51 31 06 09 00 12 E0	788
349	15 51 31 06 09 00 12 E0	1829
350	15 51 31 06 09 00 12 E0	328
351	15 51 31 06 09 00 12 E0	2122
352	15 51 31 06 09 00 12 E0	1834
353	15 51 31 06 09 00 12 E0	640
354	15 51 31 06 09 00 12 E0	634
355	15 51 31 06 09 00 12 E0	857
356	15 51 31 06 09 00 12 E0	647
357	15 51 31 06 09 00 12 E0	539
358	15 51 31 06 09 00 12 E0	942
359	15 51 31 06 09 00 12 E0	780
360	15 51 31 06 09 00 12 E0	830
361	15 51 31 06 09 00 12 E0	770
362	15 51 31 06 09 00 12 E0	631
363	15 51 31 06 09 00 12 E0	583
364	15 51 31 06 09 00 12 E0	625
365	15 51 31 06 09 00 12 E0	582
366	15 51 31 06 09 00 12 E0	541
367	15 51 31 06 09 00 12 E0	649
368	15 51 31 06 09 00 12 E0	474
369	15 51 31 06 09 00 12 E0	582
370	15 51 31 06 09 00 12 E0	819
371	15 51 31 06 09 00 12 E0	720
372	15 51 31 06 09 00 12 E0	731
373	15 51 31 06 09 00 12 E0	3116
374	15 51 31 06 09 00 12 E0	1861
375	15 51 31 06 09 00 12 E0	380
376	15 51 31 06 09 00 12 E0	1585
377	15 51 31 06 09 00 12 E0	781
378	15 51 31 06 09 00 12 E0	1027
379	15 51 31 06 09 00 12 E0	3003
380	15 51 31 06 09 00 12 E0	2556
381	15 51 31 06 09 00 12 E0	921
382	15 51 31 06 09 00 12 E0	390
383	15 51 31 06 09 00 12 E0	1111
384	15 51 31 06 09 00 12 E0	1219
385	15 51 31 06 09 00 12 E0	1527
386	15 51 31 06 09 00 12 E0	1769
387	15 51 31 06 09 00 12 E0	3673
388	15 51 31 06 09 00 12 E0	1979
389	15 51 31 06 09 00 12 E0	812
390	15 51 31 06 09 00 12 E0	966
391	15 51 31 06 09 00 12 E0	1085
392	15 51 31 06 09 00 12 E0	1178
393	15 51 31 06 09 00 12 E0	1530
394	15 51 31 06 09 00 12 E0	1120
395	15 51 31 06 09 00 12 E0	556
396	15 51 31 06 09 00 12 E0	2389
397	15 51 31 06 09 00 12 E0	3003
398	15 51 31 06 09 00 12 E0	676
399	15 51 31 06 09 00 12 E0	656
400	15 51 31 06 09 00 12 E0	753
401	15 51 31 06 09 00 12 E0	682
402	15 51 31 06 09 00 12 E0	569
403	15 51 31 06 09 00 12 E0	696
404	15 51 31 06 09 00 12 E0	802
405	15 51 31 06 09 00 12 E0	742
406	15 51 31 06 09 00 12 E0	876
407	15 51 31 06 09 00 12 E0	1025
408	15 51 31 06 09 00 12 E0	1168
409	15 51 31 06 09 00 12 E0	2819
410	15 51 31 06 09 00 12 E0	1077
411	15 51 31 06 09 00 12 E0	935
412	15 51 31 06 09 00 12 E0	743
413	15 51 31 06 09 00 12 E0	728
414	15 51 31 06 09 00 12 E0	674
415	15 51 31 06 09 00 12 E0	607
416	15 51 31 06 09 00 12 E0	584
417	15 51 31 06 09 00 12 E0	633
418	15 51 31 06 09 00 12 E0	557
419	15 51 31 06 09 00 12 E0	778
420	15 51 31 06 09 00 12 E0	780
421	15 51 31 06 09 00 12 E0	699
422	15 51 31 06 09 00 12 E0	660
423	15 51 31 06 09 00 12 E0	783
424	15 51 31 06 09 00 12 E0	851
425	15 51 31 06 09 00 12 E0	780
426	15 51 31 06 09 00 12 E0	379
427	15 51 31 06 09 00 12 E0	888
428	15 51 31 06 09 00 12 E0	699
429	15 51 31 06 09 00 12 E0	733
430	15 51 31 06 09 00 12 E0	653
431	15 51 31 06 09 00 12 E0	641
432	15 51 31 06 09 00 12 E0	597
433	15 51 31 06 09 00 12 E0	798
434	15 51 31 06 09 00 12 E0	642
435	15 51 31 06 09 00 12 E0	652
436	15 51 31 06 09 00 12 E0	753
437	15 51 31 06 09 00 12 E0	751
438	15 51 31 06 09 00 12 E0	891
439	15 51 31 06 09 00 12 E0	772
440	15 51 31 06 09 00 12 E0	13975
441	15 51 31 06 09 00 12 E0	1635
442	15 51 31 06 09 00 12 E0	823
443	15 51 31 06 09 00 12 E0	861
444	15 51 31 06 09 00 12 E0	971
445	15 51 31 06 09 00 12 E0	727
446	15 51 31 06 09 00 12 E0	768
447	15 51 31 06 09 00 12 E0	688
448	15 51 31 06 09 00 12 E0	765
449	15 51 31 06 09 00 12 E0	648
450	15 51 31 06 09 00 12 E0	815
451	15 51 31 06 09 00 12 E0	871
452	15 51 31 06 09 00 12 E0	12507
453	15 51 31 06 09 00 12 E0	2023
454	15 51 31 06 09 00 12 E0	4911
455	15 51 31 06 09 00 12 E0	4114
456	15 51 31 06 09 00 12 E0	5402
457	15 51 31 06 09 00 12 E0	10945
458	15 51 31 06 09 00 12 E0	2119
459	15 51 31 06 09 00 12 E0	3217
460	15 51 31 06 09 00 12 E0	2987
461	15 51 31 06 09 00 12 E0	4223
462	15 51 31 06 09 00 12 E0	4549
463	15 51 31 06 09 00 12 E0	6619
464	15 51 31 06 09 00 12 E0	61279
465	15 51 31 06 09 00 12 E0	3889
466	15 51 31 06 09 00 12 E0	4757
467	15 51 31 06 09 00 12 E0	6331
468	16 4A 31 06 09 00 12 E0	759
469	16 4A 31 06 09 00 12 E0	900
470	16 4A 31 06 09 00 12 E0	629
471	16 4A 31 06 09 00 12 E0	895
472	16 4A 31 06 09 00 12 E0	4839
473	16 51 31 06 09 00 12 E0	394
474	16 51 31 06 09 00 12 E0	328
475	16 51 31 06 09 00 12 E0	388
476	16 51 31 06 09 00 12 E0	519
477	16 51 31 06 09 00 12 E0	373
478	16 51 31 06 09 00 12 E0	686
479	16 61 31 06 09 00 12 E0	417
480	16 61 31 06 09 00 12 E0	991
481	16 61 31 06 09 00 12 E0	416
482	16 61 31 06 09 00 12 E0	550
483	16 61 31 06 09 00 12 E0	570
484	17 4A 31 06 09 00 12 E0	467
485	17 4A 31 06 09 00 12 E0	526
486	17 4A 31 06 09 00 12 E0	1356
487	17 4A 31 06 09 00 12 E0	1033
488	17 4A 31 06 09 00 12 E0	3539
489	17 4A 31 06 09 00 12 E0	3270
490	17 4A 31 06 09 00 12 E0	3401
491	17 4A 31 06 09 00 12 E0	2730
492	17 4A 31 06 09 00 12 E0	3382
493	17 4A 31 06 09 00 12 E0	2390
494	17 4A 31 06 09 00 12 E0	2436
495	17 4A 31 06 09 00 12 E0	3329
496	17 4A 31 06 09 00 12 E0	3621
497	17 4A 31 06 09 00 12 E0	1549
498	17 4A 31 06 09 00 12 E0	1850
499	17 4A 31 06 09 00 12 E0	3801
500	17 4A 31 06 09 00 12 E0	4235
501	19 51 31 06 09 00 12 E0	744
502	19 51 31 06 09 00 12 E0	772
503	19 51 31 06 09 00 12 E0	1190
504	19 51 31 06 09 00 12 E0	1323
505	19 51 31 06 09 00 12 E0	5594
506	24 51 31 06 09 00 12 E0	766
507	24 51 31 06 09 00 12 E0	5202
508	24 51 31 06 09 00 12 E0	874
509	24 51 31 06 09 00 12 E0	1827
510	24 51 31 06 09 00 12 E0	11719
511	24 51 31 06 09 00 12 E0	2652
512	24 51 31 06 09 00 12 E0	6077
513	24 51 31 06 09 00 12 E0	8297
514	24 51 31 06 09 00 12 E0	586
515	24 51 31 06 09 00 12 E0	5992
516	24 51 31 06 09 00 12 E0	6286
517	24 51 31 06 09 00 12 E0	8535
518	24 51 31 06 09 00 12 E0	8690
519	24 51 31 06 09 00 12 E0	7227
520	24 51 31 06 09 00 12 E0	5909
521	24 51 31 06 09 00 12 E0	1271
522	24 51 31 06 09 00 12 E0	1035
523	24 51 31 06 09 00 12 E0	2517
524	24 51 31 06 09 00 12 E0	11477
525	24 51 31 06 09 00 12 E0	5864
526	24 51 31 06 09 00 12 E0	6163
527	24 51 31 06 09 00 12 E0	597
528	24 51 31 06 09 00 12 E0	9053
529	24 51 31 06 09 00 12 E0	824
530	24 51 31 06 09 00 12 E0	1002
531	24 51 31 06 09 00 12 E0	1106
532	24 51 31 06 09 00 12 E0	6542
533	24 51 31 06 09 00 12 E0	7175
534	24 51 31 06 09 00 12 E0	8138
535	24 51 31 06 09 00 12 E0	11743
536	24 51 31 06 09 00 12 E0	8069
537	24 51 31 06 09 00 12 E0	5163
538	24 51 31 06 09 00 12 E0	4955
539	24 51 31 06 09 00 12 E0	9218
540	24 51 31 06 09 00 12 E0	4953
541	24 51 31 06 09 00 12 E0	4468
542	24 51 31 06 09 00 12 E0	4932
543	24 51 31 06 09 00 12 E0	5130
544	26 51 31 06 09 00 12 E0	386
545	26 51 31 06 09 00 12 E0	497
546	26 51 31 06 09 00 12 E0	372
547	28 51 31 06 09 00 12 E0	609
548	29 4D 31 06 09 00 12 E0	5713
549	29 51 31 06 09 00 12 E0	362
550	29 51 31 06 09 00 12 E0	353
551	29 51 31 06 09 00 12 E0	479
552	29 51 31 06 09 00 12 E0	760
553	2B 51 31 06 09 00 12 E0	672
554	2B 51 31 06 09 00 12 E0	506
555	2B 51 31 06 09 00 12 E0	642
556	2B 51 31 06 09 00 12 E0	378
557	2B 51 31 06 09 00 12 E0	901
558	2B 51 31 06 09 00 12 E0	3769
559	2B 51 31 06 09 00 12 E0	8404
560	2B 51 31 06 09 00 12 E0	4683
561	2B 51 31 06 09 00 12 E0	1095
562	2B 51 31 06 09 00 12 E0	7331
563	2B 51 31 06 09 00 12 E0	7190
564	2B 51 31 06 09 00 12 E0	1236
565	2B 51 31 06 09 00 12 E0	6261
566	2B 51 31 06 09 00 12 E0	6780
567	2B 51 31 06 09 00 12 E0	3461
568	2B 51 31 06 09 00 12 E0	8147
569	2B 51 31 06 09 00 12 E0	4474
570	2B 51 31 06 09 00 12 E0	6582
571	2B 51 31 06 09 00 12 E0	4820
572	2B 51 31 06 09 00 12 E0	5457
573	2B 51 31 06 09 00 12 E0	6254
574	2B 51 31 06 09 00 12 E0	5737
575	2B 51 31 06 09 00 12 E0	6756
576	2B 51 31 06 09 00 12 E0	9400
577	2B 51 31 06 09 00 12 E0	4249
578	2B 51 31 06 09 00 12 E0	9741
579	2B 51 31 06 09 00 12 E0	10232
580	2B 51 31 06 09 00 12 E0	9234
581	2B 51 31 06 09 00 12 E0	11524
582	2B 51 31 06 09 00 12 E0	7406
583	2B 51 31 06 09 00 12 E0	11148
584	2B 51 31 06 09 00 12 E0	803
585	2B 51 31 06 09 00 12 E0	11097
586	2B 51 31 06 09 00 12 E0	11613
587	2B 51 31 06 09 00 12 E0	3670
588	2B 51 31 06 09 00 12 E0	14186
589	2B 51 31 06 09 00 12 E0	9230
590	2B 51 31 06 09 00 12 E0	1534
591	2B 51 31 06 09 00 12 E0	553
592	2F 51 31 06 09 00 12 E0	324
593	2F 51 31 06 09 00 12 E0	1128
594	2F 51 31 06 09 00 12 E0	563
595	2F 51 31 06 09 00 12 E0	3667
596	2F 51 31 06 09 00 12 E0	1779
597	2F 51 31 06 09 00 12 E0	673
598	2F 51 31 06 09 00 12 E0	4758
599	2F 51 31 06 09 00 12 E0	5791
600	2F 51 31 06 09 00 12 E0	1585
601	2F 51 31 06 09 00 12 E0	4712
602	2F 51 31 06 09 00 12 E0	4933
603	2F 51 31 06 09 00 12 E0	6785
604	2F 51 31 06 09 00 12 E0	5735
605	2F 51 31 06 09 00 12 E0	410
606	2F 51 31 06 09 00 12 E0	6253
607	2F 51 31 06 09 00 12 E0	43774
608	2F 51 31 06 09 00 12 E0	1752
609	2F 51 31 06 09 00 12 E0	443
610	2F 51 31 06 09 00 12 E0	898
611	3B 63 31 06 09 00 12 E0	489
612	3B 63 31 06 09 00 12 E0	446
613	3C 51 31 06 09 00 12 E0	589
614	3C 51 31 06 09 00 12 E0	487
615	3E 51 31 06 09 00 12 E0	483
616	3E 51 31 06 09 00 12 E0	1158
617	3E 51 31 06 09 00 12 E0	403
618	3E 51 31 06 09 00 12 E0	534
619	3E 51 31 06 09 00 12 E0	1202
620	3E 63 31 06 09 00 12 E0	343
621	3E 63 31 06 09 00 12 E0	434
622	3E 63 31 06 09 00 12 E0	414
623	3E 63 31 06 09 00 12 E0	762
624	3E 63 31 06 09 00 12 E0	1249
625	3E 63 31 06 09 00 12 E0	1566
626	3E 63 31 06 09 00 12 E0	746
627	3E 63 31 06 09 00 12 E0	822
628	3E 63 31 06 09 00 12 E0	1981
629	3E 63 31 06 09 00 12 E0	2121
630	3E 63 31 06 09 00 12 E0	3398
631	3E 63 31 06 09 00 12 E0	1729
632	3E 63 31 06 09 00 12 E0	957
633	3E 63 31 06 09 00 12 E0	654
634	3E 63 31 06 09 00 12 E0	752
635	3E 63 31 06 09 00 12 E0	792
636	3E 63 31 06 09 00 12 E0	1701
637	3E 63 31 06 09 00 12 E0	1708
638	3E 63 31 06 09 00 12 E0	711
639	3E 63 31 06 09 00 12 E0	1328
640	3E 63 31 06 09 00 12 E0	819
641	3E 63 31 06 09 00 12 E0	765
642	3E 63 31 06 09 00 12 E0	754
643	3E 63 31 06 09 00 12 E0	959
644	3E 63 31 06 09 00 12 E0	1646
645	3E 63 31 06 09 00 12 E0	1453
646	3E 63 31 06 09 00 12 E0	1915
647	3E 63 31 06 09 00 12 E0	826
648	3E 63 31 06 09 00 12 E0	771
649	3E 63 31 06 09 00 12 E0	932
650	3E 63 31 06 09 00 12 E0	1459
651	3E 63 31 06 09 00 12 E0	859
652	3E 63 31 06 09 00 12 E0	761
653	3E 63 31 06 09 00 12 E0	889
654	3E 63 31 06 09 00 12 E0	1085
655	3E 63 31 06 09 00 12 E0	1280
656	3E 63 31 06 09 00 12 E0	878
657	3E 63 31 06 09 00 12 E0	833
658	3E 63 31 06 09 00 12 E0	995
659	3E 63 31 06 09 00 12 E0	1054
660	3E 63 31 06 09 00 12 E0	1730
661	3E 63 31 06 09 00 12 E0	1750
662	3E 63 31 06 09 00 12 E0	1723
663	3E 63 31 06 09 00 12 E0	1332
664	3E 63 31 06 09 00 12 E0	929
665	3E 63 31 06 09 00 12 E0	879
666	3E 63 31 06 09 00 12 E0	1069
667	3E 63 31 06 09 00 12 E0	1541
668	3E 63 31 06 09 00 12 E0	1127
669	3E 63 31 06 09 00 12 E0	1777
670	3E 63 31 06 09 00 12 E0	973
671	3E 63 31 06 09 00 12 E0	918
672	3E 63 31 06 09 00 12 E0	873
673	3E 63 31 06 09 00 12 E0	914
674	3E 63 31 06 09 00 12 E0	1427
675	3E 63 31 06 09 00 12 E0	1587
676	3E 63 31 06 09 00 12 E0	1024
677	3E 63 31 06 09 00 12 E0	1186
678	3E 63 31 06 09 00 12 E0	1109
679	3E 63 31 06 09 00 12 E0	974
680	3E 63 31 06 09 00 12 E0	992
681	3E 63 31 06 09 00 12 E0	1388
682	3E 63 31 06 09 00 12 E0	1418
683	3E 63 31 06 09 00 12 E0	1709
684	3E 63 31 06 09 00 12 E0	913
685	3E 63 31 06 09 00 12 E0	948
686	3E 63 31 06 09 00 12 E0	964
687	3E 63 31 06 09 00 12 E0	1301
688	3E 63 31 06 09 00 12 E0	1406
689	3E 63 31 06 09 00 12 E0	1031
690	3E 63 31 06 09 00 12 E0	1215
691	3E 63 31 06 09 00 12 E0	953
692	3E 63 31 06 09 00 12 E0	1123
693	3E 63 31 06 09 00 12 E0	1789
694	3E 63 31 06 09 00 12 E0	1614
695	3E 63 31 06 09 00 12 E0	1075
696	3E 63 31 06 09 00 12 E0	928
697	3E 63 31 06 09 00 12 E0	3119
698	3E 63 31 06 09 00 12 E0	938
699	3E 63 31 06 09 00 12 E0	875
700	3E 63 31 06 09 00 12 E0	781
701	3E 63 31 06 09 00 12 E0	1246
702	3E 63 31 06 09 00 12 E0	1351
703	3E 63 31 06 09 00 12 E0	1481
704	3E 63 31 06 09 00 12 E0	905
705	3E 63 31 06 09 00 12 E0	1008
706	3E 63 31 06 09 00 12 E0	1103
707	3E 63 31 06 09 00 12 E0	1473
708	3E 63 31 06 09 00 12 E0	1241
709	3E 63 31 06 09 00 12 E0	1359
710	3E 63 31 06 09 00 12 E0	1069
711	3E 63 31 06 09 00 12 E0	1740
712	3E 63 31 06 09 00 12 E0	985
713	3E 63 31 06 09 00 12 E0	1466
714	3E 63 31 06 09 00 12 E0	1386
715	3E 63 31 06 09 00 12 E0	1788
716	3E 63 31 06 09 00 12 E0	1587
717	3E 63 31 06 09 00 12 E0	1623
718	3E 63 31 06 09 00 12 E0	1331
719	3E 63 31 06 09 00 12 E0	939
720	3E 63 31 06 09 00 12 E0	1337
721	3E 63 31 06 09 00 12 E0	1091
722	3E 63 31 06 09 00 12 E0	1867
723	3E 63 31 06 09 00 12 E0	629
724	3E 63 31 06 09 00 12 E0	1337
725	3E 63 31 06 09 00 12 E0	2258
726	3E 63 31 06 09 00 12 E0	1151
727	3E 63 31 06 09 00 12 E0	1264
728	3E 63 31 06 09 00 12 E0	1145
729	3E 63 31 06 09 00 12 E0	1189
730	3E 63 31 06 09 00 12 E0	1127
731	3E 63 31 06 09 00 12 E0	765
732	3E 63 31 06 09 00 12 E0	1318
733	3E 63 31 06 09 00 12 E0	944
734	3E 63 31 06 09 00 12 E0	1249
735	3E 63 31 06 09 00 12 E0	915
736	3E 63 31 06 09 00 12 E0	693
737	3E 63 31 06 09 00 12 E0	697
738	3E 63 31 06 09 00 12 E0	1196
739	3E 63 31 06 09 00 12 E0	479
740	3E 63 31 06 09 00 12 E0	1042
741	3E 63 31 06 09 00 12 E0	1318
742	3E 63 31 06 09 00 12 E0	3667
743	3F 51 31 06 09 00 12 E0	430
744	3F 51 31 06 09 00 12 E0	342
745	3F 51 31 06 09 00 12 E0	1636
746	3F 51 31 06 09 00 12 E0	980
747	3F 51 31 06 09 00 12 E0	638
748	3F 51 31 06 09 00 12 E0	2121
749	3F 51 31 06 09 00 12 E0	1710
750	3F 51 31 06 09 00 12 E0	579
751	3F 51 31 06 09 00 12 E0	1489
752	3F 51 31 06 09 00 12 E0	1850
753	3F 51 31 06 09 00 12 E0	1111
754	3F 51 31 06 09 00 12 E0	4399
755	3F 51 31 06 09 00 12 E0	5272
756	3F 51 31 06 09 00 12 E0	5308
757	3F 51 31 06 09 00 12 E0	3807
758	3F 51 31 06 09 00 12 E0	4861
759	3F 51 31 06 09 00 12 E0	5301
760	3F 51 31 06 09 00 12 E0	4760
761	3F 51 31 06 09 00 12 E0	4751
762	3F 51 31 06 09 00 12 E0	5041
763	3F 51 31 06 09 00 12 E0	5752
764	3F 51 31 06 09 00 12 E0	4773
765	3F 51 31 06 09 00 12 E0	5297
766	3F 51 31 06 09 00 12 E0	4908
767	3F 51 31 06 09 00 12 E0	4002
768	3F 51 31 06 09 00 12 E0	5494
769	3F 51 31 06 09 00 12 E0	7592
770	3F 51 31 06 09 00 12 E0	3609
771	3F 51 31 06 09 00 12 E0	6737
772	3F 51 31 06 09 00 12 E0	6775
773	3F 51 31 06 09 00 12 E0	4772
774	3F 51 31 06 09 00 12 E0	4277
775	3F 51 31 06 09 00 12 E0	5900
776	3F 51 31 06 09 00 12 E0	3477
777	3F 51 31 06 09 00 12 E0	16991
778	3F 51 31 06 09 00 12 E0	6573
779	3F 51 31 06 09 00 12 E0	7912
780	42 63 31 06 09 00 12 E0	853
781	42 63 31 06 09 00 12 E0	573
782	42 63 31 06 09 00 12 E0	3324
783	42 63 31 06 09 00 12 E0	5628
784	42 63 31 06 09 00 12 E0	637
785	42 63 31 06 09 00 12 E0	1870
786	42 63 31 06 09 00 12 E0	1250
787	42 63 31 06 09 00 12 E0	1212
788	42 63 31 06 09 00 12 E0	2376
789	42 63 31 06 09 00 12 E0	452
790	42 63 31 06 09 00 12 E0	662
791	42 63 31 06 09 00 12 E0	522
792	42 63 31 06 09 00 12 E0	5015
793	42 63 31 06 09 00 12 E0	3376
794	42 63 31 06 09 00 12 E0	5204
795	42 63 31 06 09 00 12 E0	5547
796	42 63 31 06 09 00 12 E0	6767
797	42 63 31 06 09 00 12 E0	3989
798	42 63 31 06 09 00 12 E0	3314
799	42 63 31 06 09 00 12 E0	2387
800	42 63 31 06 09 00 12 E0	3575
801	42 63 31 06 09 00 12 E0	2662
802	42 63 31 06 09 00 12 E0	3738
803	42 63 31 06 09 00 12 E0	4583
804	42 63 31 06 09 00 12 E0	3799
805	42 63 31 06 09 00 12 E0	4693
806	42 63 31 06 09 00 12 E0	3889
807	42 63 31 06 09 00 12 E0	4319
808	42 63 31 06 09 00 12 E0	4216
809	42 63 31 06 09 00 12 E0	3342
810	42 63 31 06 09 00 12 E0	4604
811	42 63 31 06 09 00 12 E0	4676
812	42 63 31 06 09 00 12 E0	6726
813	42 63 31 06 09 00 12 E0	3398
814	42 63 31 06 09 00 12 E0	5063
815	42 63 31 06 09 00 12 E0	3716
816	42 63 31 06 09 00 12 E0	5159
817	42 63 31 06 09 00 12 E0	5139
818	43 63 31 06 09 00 12 E0	953
819	43 63 31 06 09 00 12 E0	324
820	43 63 31 06 09 00 12 E0	2779
821	43 63 31 06 09 00 12 E0	745
822	43 63 31 06 09 00 12 E0	1527
823	43 63 31 06 09 00 12 E0	415
824	43 63 31 06 09 00 12 E0	556
825	43 63 31 06 09 00 12 E0	2584
826	43 63 31 06 09 00 12 E0	1529
827	43 63 31 06 09 00 12 E0	1002
828	43 63 31 06 09 00 12 E0	2350
829	43 63 31 06 09 00 12 E0	579
830	47 54 31 06 09 00 12 E0	752
831	47 54 31 06 09 00 12 E0	614
832	47 54 31 06 09 00 12 E0	755
833	47 54 31 06 09 00 12 E0	835
834	47 54 31 06 09 00 12 E0	990
835	47 54 31 06 09 00 12 E0	667
836	47 54 31 06 09 00 12 E0	1101
837	47 54 31 06 09 00 12 E0	976
838	47 54 31 06 09 00 12 E0	806
839	47 54 31 06 09 00 12 E0	791
840	47 54 31 06 09 00 12 E0	608
841	47 54 31 06 09 00 12 E0	909
842	47 54 31 06 09 00 12 E0	651
843	47 54 31 06 09 00 12 E0	553
844	47 54 31 06 09 00 12 E0	634
845	47 54 31 06 09 00 12 E0	785
846	47 54 31 06 09 00 12 E0	972
847	47 54 31 06 09 00 12 E0	967
848	47 54 31 06 09 00 12 E0	789
849	47 54 31 06 09 00 12 E0	868
850	47 54 31 06 09 00 12 E0	624
851	47 54 31 06 09 00 12 E0	543
852	47 54 31 06 09 00 12 E0	588
853	47 54 31 06 09 00 12 E0	691
854	47 54 31 06 09 00 12 E0	903
855	47 54 31 06 09 00 12 E0	1497
856	47 54 31 06 09 00 12 E0	523
857	47 54 31 06 09 00 12 E0	670
858	47 54 31 06 09 00 12 E0	576
859	47 54 31 06 09 00 12 E0	661
860	47 54 31 06 09 00 12 E0	678
861	47 54 31 06 09 00 12 E0	807
862	47 54 31 06 09 00 12 E0	1097
863	47 54 31 06 09 00 12 E0	1544
864	47 54 31 06 09 00 12 E0	934
865	47 54 31 06 09 00 12 E0	708
866	47 54 31 06 09 00 12 E0	776
867	47 54 31 06 09 00 12 E0	5485
868	47 54 31 06 09 00 12 E0	3487
869	47 54 31 06 09 00 12 E0	1434
870	47 54 31 06 09 00 12 E0	656
871	47 54 31 06 09 00 12 E0	4630
872	47 54 31 06 09 00 12 E0	3033
873	47 54 31 06 09 00 12 E0	1235
874	47 54 31 06 09 00 12 E0	7812
875	47 54 31 06 09 00 12 E0	3790
876	47 54 31 06 09 00 12 E0	3027
877	47 54 31 06 09 00 12 E0	1394
878	47 54 31 06 09 00 12 E0	1062
879	47 54 31 06 09 00 12 E0	850
880	47 54 31 06 09 00 12 E0	7607
881	47 54 31 06 09 00 12 E0	9428
882	47 54 31 06 09 00 12 E0	8019
883	47 54 31 06 09 00 12 E0	775
884	47 54 31 06 09 00 12 E0	1150
885	47 54 31 06 09 00 12 E0	841
886	47 54 31 06 09 00 12 E0	2951
887	47 54 31 06 09 00 12 E0	13070
888	47 54 31 06 09 00 12 E0	8346
889	47 54 31 06 09 00 12 E0	11657
890	4B 54 31 06 09 00 12 E0	7521
891	4B 54 31 06 09 00 12 E0	5684
892	4B 54 31 06 09 00 12 E0	6350
893	4B 54 31 06 09 00 12 E0	7211
894	4B 54 31 06 09 00 12 E0	4543
895	4B 54 31 06 09 00 12 E0	6186
896	4B 54 31 06 09 00 12 E0	6923
897	4B 54 31 06 09 00 12 E0	6127
898	4B 54 31 06 09 00 12 E0	8078
899	4B 54 31 06 09 00 12 E0	6061
900	4B 54 31 06 09 00 12 E0	5533
901	4B 54 31 06 09 00 12 E0	7776
902	4B 54 31 06 09 00 12 E0	7440
903	4D 63 31 06 09 00 12 E0	610
904	4F 54 31 06 09 00 12 E0	428
905	4F 54 31 06 09 00 12 E0	346
906	4F 54 31 06 09 00 12 E0	674
907	4F 54 31 06 09 00 12 E0	621
908	4F 54 31 06 09 00 12 E0	555
909	4F 54 31 06 09 00 12 E0	3302
910	4F 54 31 06 09 00 12 E0	3061
911	4F 54 31 06 09 00 12 E0	582
912	4F 63 31 06 09 00 12 E0	3216
913	50 63 31 06 09 00 12 E0	457
914	50 63 31 06 09 00 12 E0	421
915	50 63 31 06 09 00 12 E0	354
916	53 61 31 06 09 00 12 E0	1737
917	53 61 31 06 09 00 12 E0	1258
918	53 61 31 06 09 00 12 E0	621
919	53 61 31 06 09 00 12 E0	1630
920	56 50 31 06 09 00 12 E0	469
921	56 50 31 06 09 00 12 E0	395
922	56 50 31 06 09 00 12 E0	4172
923	56 50 31 06 09 00 12 E0	529
924	56 50 31 06 09 00 12 E0	334
925	56 50 31 06 09 00 12 E0	697
926	56 50 31 06 09 00 12 E0	317
927	56 50 31 06 09 00 12 E0	4866
928	56 50 31 06 09 00 12 E0	3709
929	56 50 31 06 09 00 12 E0	9123
930	56 61 31 06 09 00 12 E0	430
931	56 61 31 06 09 00 12 E0	552
932	56 61 31 06 09 00 12 E0	941
933	56 61 31 06 09 00 12 E0	979
934	56 61 31 06 09 00 12 E0	630
935	56 61 31 06 09 00 12 E0	568
936	56 61 31 06 09 00 12 E0	336
937	56 61 31 06 09 00 12 E0	327
938	56 61 31 06 09 00 12 E0	361
939	56 61 31 06 09 00 12 E0	481
940	56 61 31 06 09 00 12 E0	347
941	56 61 31 06 09 00 12 E0	339
942	56 61 31 06 09 00 12 E0	369
943	56 61 31 06 09 00 12 E0	352
944	64 61 31 06 09 00 12 E0	543
945	64 61 31 06 09 00 12 E0	1621
946	64 61 31 06 09 00 12 E0	988
947	64 61 31 06 09 00 12 E0	590
948	64 61 31 06 09 00 12 E0	961
949	64 61 31 06 09 00 12 E0	1765
950	64 61 31 06 09 00 12 E0	2252
951	64 61 31 06 09 00 12 E0	2025
952	64 61 31 06 09 00 12 E0	767
953	64 61 31 06 09 00 12 E0	1372
954	64 61 31 06 09 00 12 E0	942
955	64 61 31 06 09 00 12 E0	9016
956	64 61 31 06 09 00 12 E0	605
957	64 61 31 06 09 00 12 E0	16178
958	64 61 31 06 09 00 12 E0	10986
959	64 61 31 06 09 00 12 E0	8224
960	64 61 31 06 09 00 12 E0	11510
961	64 61 31 06 09 00 12 E0	418
962	64 61 31 06 09 00 12 E0	5796
963	64 61 31 06 09 00 12 E0	8446
964	64 61 31 06 09 00 12 E0	7553
965	64 61 31 06 09 00 12 E0	10108
966	64 61 31 06 09 00 12 E0	15294
967	64 61 31 06 09 00 12 E0	8229
968	64 61 31 06 09 00 12 E0	1317
969	64 61 31 06 09 00 12 E0	6482
970	64 61 31 06 09 00 12 E0	15140
971	64 61 31 06 09 00 12 E0	9832
972	64 61 31 06 09 00 12 E0	12823
973	64 61 31 06 09 00 12 E0	14124
974	64 61 31 06 09 00 12 E0	12967
975	64 61 31 06 09 00 12 E0	7645
976	64 61 31 06 09 00 12 E0	7340
977	64 61 31 06 09 00 12 E0	8496
978	64 61 31 06 09 00 12 E0	700
979	64 61 31 06 09 00 12 E0	9437
980	66 61 31 06 09 00 12 E0	2256
981	66 61 31 06 09 00 12 E0	2222
982	66 61 31 06 09 00 12 E0	1363
983	66 61 31 06 09 00 12 E0	10141
984	66 61 31 06 09 00 12 E0	4706
985	66 61 31 06 09 00 12 E0	3275
986	66 61 31 06 09 00 12 E0	647
987	66 61 31 06 09 00 12 E0	8468
988	66 61 31 06 09 00 12 E0	4111
989	66 61 31 06 09 00 12 E0	4242
990	66 61 31 06 09 00 12 E0	3024
991	66 61 31 06 09 00 12 E0	469
992	66 61 31 06 09 00 12 E0	3857
993	66 61 31 06 09 00 12 E0	332
994	66 61 31 06 09 00 12 E0	497
995	66 61 31 06 09 00 12 E0	702
996	66 61 31 06 09 00 12 E0	4055
997	66 61 31 06 09 00 12 E0	4695
998	66 61 31 06 09 00 12 E0	4138
999	66 61 31 06 09 00 12 E0	917
1000	66 61 31 06 09 00 12 E0	598
1001	66 61 31 06 09 00 12 E0	5087
1002	66 61 31 06 09 00 12 E0	4594
1003	66 61 31 06 09 00 12 E0	4476
1004	66 61 31 06 09 00 12 E0	5386
1005	66 61 31 06 09 00 12 E0	5896
1006	66 61 31 06 09 00 12 E0	5950
1007	66 61 31 06 09 00 12 E0	4959
1008	66 61 31 06 09 00 12 E0	5122
1009	66 61 31 06 09 00 12 E0	5018
1010	66 61 31 06 09 00 12 E0	6682
1011	66 61 31 06 09 00 12 E0	1589
1012	66 61 31 06 09 00 12 E0	8778
1013	66 61 31 06 09 00 12 E0	3005
1014	66 61 31 06 09 00 12 E0	3709
1015	66 61 31 06 09 00 12 E0	5244
1016	66 61 31 06 09 00 12 E0	3293
1017	66 61 31 06 09 00 12 E0	13978
1018	66 61 31 06 09 00 12 E0	7217
1019	66 61 31 06 09 00 12 E0	12676
1020	66 61 31 06 09 00 12 E0	27453
1021	66 61 31 06 09 00 12 E0	1889
1022	67 50 31 06 09 00 12 E0	413
1023	67 50 31 06 09 00 12 E0	341
1024	67 50 31 06 09 00 12 E0	1628
1025	67 50 31 06 09 00 12 E0	1511
1026	67 50 31 06 09 00 12 E0	870
1027	67 50 31 06 09 00 12 E0	1284
1028	67 50 31 06 09 00 12 E0	1409
1029	67 50 31 06 09 00 12 E0	812
1030	67 50 31 06 09 00 12 E0	1575
1031	67 50 31 06 09 00 12 E0	3625
1032	67 50 31 06 09 00 12 E0	2763
1033	67 50 31 06 09 00 12 E0	1915
1034	67 50 31 06 09 00 12 E0	2504
1035	67 50 31 06 09 00 12 E0	2059
1036	67 50 31 06 09 00 12 E0	406
1037	67 50 31 06 09 00 12 E0	1566
1038	67 50 31 06 09 00 12 E0	2757
1039	67 50 31 06 09 00 12 E0	2507
1040	67 50 31 06 09 00 12 E0	3142
1041	67 50 31 06 09 00 12 E0	2431
1042	67 50 31 06 09 00 12 E0	2261
1043	67 50 31 06 09 00 12 E0	15018
1044	67 50 31 06 09 00 12 E0	2296
1045	67 50 31 06 09 00 12 E0	13378
1046	67 50 31 06 09 00 12 E0	8927
1047	68 50 31 06 09 00 12 E0	373
1048	68 50 31 06 09 00 12 E0	576
1049	68 50 31 06 09 00 12 E0	5354
1050	68 50 31 06 09 00 12 E0	6661
1051	68 50 31 06 09 00 12 E0	2439
1052	68 50 31 06 09 00 12 E0	896
1053	68 50 31 06 09 00 12 E0	352
1054	68 50 31 06 09 00 12 E0	7728
1055	68 50 31 06 09 00 12 E0	7479
1056	68 50 31 06 09 00 12 E0	1184
1057	68 50 31 06 09 00 12 E0	850
1058	68 50 31 06 09 00 12 E0	7019
1059	68 50 31 06 09 00 12 E0	8153
1060	68 50 31 06 09 00 12 E0	472
1061	68 50 31 06 09 00 12 E0	3516
1062	68 50 31 06 09 00 12 E0	2233
1063	68 50 31 06 09 00 12 E0	7952
1064	68 50 31 06 09 00 12 E0	6838
1065	68 50 31 06 09 00 12 E0	8643
1066	68 50 31 06 09 00 12 E0	4356
1067	68 50 31 06 09 00 12 E0	7091
1068	68 50 31 06 09 00 12 E0	5200
1069	68 50 31 06 09 00 12 E0	465
1070	68 50 31 06 09 00 12 E0	602
1071	6B 52 31 06 09 00 12 E0	434
1072	6C 52 31 06 09 00 12 E0	433
1073	6C 52 31 06 09 00 12 E0	59681
1074	6C 52 31 06 09 00 12 E0	1103
1075	6C 52 31 06 09 00 12 E0	2383
1076	6C 52 31 06 09 00 12 E0	1199
1077	6C 52 31 06 09 00 12 E0	340
1078	6C 52 31 06 09 00 12 E0	811
1079	6C 52 31 06 09 00 12 E0	953
1080	6C 52 31 06 09 00 12 E0	3985
1081	6C 52 31 06 09 00 12 E0	759
1082	6C 52 31 06 09 00 12 E0	1017
1083	6C 52 31 06 09 00 12 E0	28638
1084	6C 52 31 06 09 00 12 E0	997
1085	6C 52 31 06 09 00 12 E0	7192
1086	6C 52 31 06 09 00 12 E0	4561
1087	6C 52 31 06 09 00 12 E0	4220
1088	6C 52 31 06 09 00 12 E0	1878
1089	6C 52 31 06 09 00 12 E0	3566
1090	6C 52 31 06 09 00 12 E0	4867
1091	6C 52 31 06 09 00 12 E0	5506
1092	6C 52 31 06 09 00 12 E0	5487
1093	6C 52 31 06 09 00 12 E0	5249
1094	6C 52 31 06 09 00 12 E0	1281
1095	6C 52 31 06 09 00 12 E0	2673
1096	6C 52 31 06 09 00 12 E0	4727
1097	6C 52 31 06 09 00 12 E0	12787
1098	6C 52 31 06 09 00 12 E0	4312
1099	6C 52 31 06 09 00 12 E0	492
1100	6C 52 31 06 09 00 12 E0	2840
1101	6C 52 31 06 09 00 12 E0	5027
1102	6C 52 31 06 09 00 12 E0	4755
1103	6F 52 31 06 09 00 12 E0	394
1104	70 52 31 06 09 00 12 E0	351
1105	70 52 31 06 09 00 12 E0	578
1106	70 52 31 06 09 00 12 E0	1575
1107	70 52 31 06 09 00 12 E0	319
1108	70 52 31 06 09 00 12 E0	8348
1109	70 52 31 06 09 00 12 E0	441
1110	70 52 31 06 09 00 12 E0	573
1111	70 52 31 06 09 00 12 E0	8865
1112	70 52 31 06 09 00 12 E0	663
1113	70 52 31 06 09 00 12 E0	5895
1114	70 52 31 06 09 00 12 E0	8682
1115	70 52 31 06 09 00 12 E0	1137
1116	70 52 31 06 09 00 12 E0	632
1117	70 52 31 06 09 00 12 E0	606
1118	70 52 31 06 09 00 12 E0	541
1119	70 52 31 06 09 00 12 E0	529
1120	70 52 31 06 09 00 12 E0	748
1121	70 52 31 06 09 00 12 E0	620
1122	70 52 31 06 09 00 12 E0	496
1123	70 52 31 06 09 00 12 E0	824
1124	70 52 31 06 09 00 12 E0	727
1125	70 52 31 06 09 00 12 E0	1816
1126	70 52 31 06 09 00 12 E0	595
1127	70 52 31 06 09 00 12 E0	434
1128	70 52 31 06 09 00 12 E0	656
1129	70 52 31 06 09 00 12 E0	661
1130	70 52 31 06 09 00 12 E0	679
1131	70 52 31 06 09 00 12 E0	606
1132	70 52 31 06 09 00 12 E0	587
1133	70 52 31 06 09 00 12 E0	643
1134	70 52 31 06 09 00 12 E0	654
1135	70 52 31 06 09 00 12 E0	724
1136	70 52 31 06 09 00 12 E0	820
1137	70 52 31 06 09 00 12 E0	902
1138	70 52 31 06 09 00 12 E0	981
1139	70 52 31 06 09 00 12 E0	1163
1140	70 52 31 06 09 00 12 E0	486
1141	70 52 31 06 09 00 12 E0	735
1142	70 52 31 06 09 00 12 E0	732
1143	70 52 31 06 09 00 12 E0	489
1144	70 52 31 06 09 00 12 E0	470
1145	70 52 31 06 09 00 12 E0	506
1146	70 52 31 06 09 00 12 E0	606
1147	70 52 31 06 09 00 12 E0	880
1148	70 52 31 06 09 00 12 E0	388
1149	70 52 31 06 09 00 12 E0	339
1150	70 52 31 06 09 00 12 E0	3649
1151	70 52 31 06 09 00 12 E0	9141
1152	70 52 31 06 09 00 12 E0	482
1153	70 52 31 06 09 00 12 E0	10297
1154	70 52 31 06 09 00 12 E0	7375
1155	70 52 31 06 09 00 12 E0	7921
1156	70 52 31 06 09 00 12 E0	601
1157	70 52 31 06 09 00 12 E0	659
1158	70 52 31 06 09 00 12 E0	5396
1159	70 52 31 06 09 00 12 E0	6780
1160	70 52 31 06 09 00 12 E0	12316
1161	70 52 31 06 09 00 12 E0	1898
1162	70 52 31 06 09 00 12 E0	2056
1163	70 52 31 06 09 00 12 E0	1453
1164	70 52 31 06 09 00 12 E0	882
1165	70 52 31 06 09 00 12 E0	9132
1166	70 52 31 06 09 00 12 E0	9108
1167	70 52 31 06 09 00 12 E0	19873
1168	70 52 31 06 09 00 12 E0	7755
1169	70 52 31 06 09 00 12 E0	7827
1170	70 52 31 06 09 00 12 E0	61041
1171	70 52 31 06 09 00 12 E0	27256
1172	76 50 31 06 09 00 12 E0	459
1173	76 50 31 06 09 00 12 E0	512
1174	90 64 31 06 09 00 12 E0	426
1175	90 64 31 06 09 00 12 E0	597
1176	90 64 31 06 09 00 12 E0	968
1177	90 64 31 06 09 00 12 E0	759
1178	90 64 31 06 09 00 12 E0	593
1179	90 64 31 06 09 00 12 E0	858
1180	90 64 31 06 09 00 12 E0	349
1181	90 64 31 06 09 00 12 E0	4394
1182	90 64 31 06 09 00 12 E0	1840
1183	90 64 31 06 09 00 12 E0	8376
1184	90 64 31 06 09 00 12 E0	5804
1185	90 64 31 06 09 00 12 E0	563
1186	90 64 31 06 09 00 12 E0	6455
1187	90 64 31 06 09 00 12 E0	722
1188	90 64 31 06 09 00 12 E0	794
1189	90 64 31 06 09 00 12 E0	589
1190	90 64 31 06 09 00 12 E0	8925
1191	90 64 31 06 09 00 12 E0	3017
1192	90 64 31 06 09 00 12 E0	790
1193	90 64 31 06 09 00 12 E0	1611
1194	90 64 31 06 09 00 12 E0	1242
1195	90 64 31 06 09 00 12 E0	1106
1196	90 64 31 06 09 00 12 E0	4725
1197	90 64 31 06 09 00 12 E0	10900
1198	90 64 31 06 09 00 12 E0	7200
1199	90 64 31 06 09 00 12 E0	646
1200	90 64 31 06 09 00 12 E0	889
1201	90 64 31 06 09 00 12 E0	4274
1202	90 64 31 06 09 00 12 E0	8466
1203	90 64 31 06 09 00 12 E0	7326
1204	90 64 31 06 09 00 12 E0	1626
1205	90 64 31 06 09 00 12 E0	6628
1206	90 64 31 06 09 00 12 E0	7228
1207	90 64 31 06 09 00 12 E0	8258
1208	90 64 31 06 09 00 12 E0	7703
1209	90 64 31 06 09 00 12 E0	12409
1210	90 64 31 06 09 00 12 E0	6540
1211	90 64 31 06 09 00 12 E0	4195
1212	90 64 31 06 09 00 12 E0	1521
1213	91 64 31 06 09 00 12 E0	350
1214	91 64 31 06 09 00 12 E0	337
1215	91 64 31 06 09 00 12 E0	617
1216	91 64 31 06 09 00 12 E0	1518
1217	91 64 31 06 09 00 12 E0	72977
1218	91 64 31 06 09 00 12 E0	1626
1219	91 64 31 06 09 00 12 E0	10209
1220	91 64 31 06 09 00 12 E0	68966
1221	91 64 31 06 09 00 12 E0	10843
1222	91 64 31 06 09 00 12 E0	12174
1223	91 64 31 06 09 00 12 E0	60603
1224	91 64 31 06 09 00 12 E0	3915
1225	91 64 31 06 09 00 12 E0	7067
1226	91 64 31 06 09 00 12 E0	14915
1227	91 64 31 06 09 00 12 E0	16126
1228	91 64 31 06 09 00 12 E0	5973
1229	91 64 31 06 09 00 12 E0	8666
1230	91 64 31 06 09 00 12 E0	8325
1231	91 64 31 06 09 00 12 E0	10657
1232	91 64 31 06 09 00 12 E0	7611
1233	91 64 31 06 09 00 12 E0	8388
1234	A6 54 31 06 09 00 12 E0	434
1235	A6 54 31 06 09 00 12 E0	342
1236	A6 54 31 06 09 00 12 E0	375
1237	A6 54 31 06 09 00 12 E0	7372
1238	A7 54 31 06 09 00 12 E0	380
1239	A7 61 31 06 09 00 12 E0	324
1240	A8 54 31 06 09 00 12 E0	454
1241	A8 54 31 06 09 00 12 E0	416
1242	A8 54 31 06 09 00 12 E0	1594
1243	A8 54 31 06 09 00 12 E0	1561
1244	A8 54 31 06 09 00 12 E0	605
1245	A8 54 31 06 09 00 12 E0	691
1246	A8 54 31 06 09 00 12 E0	809
1247	A8 54 31 06 09 00 12 E0	954
1248	A8 54 31 06 09 00 12 E0	985
1249	A8 54 31 06 09 00 12 E0	8323
1250	A8 54 31 06 09 00 12 E0	6192
1251	A8 54 31 06 09 00 12 E0	813
1252	A8 54 31 06 09 00 12 E0	378
1253	A8 54 31 06 09 00 12 E0	5736
1254	A8 54 31 06 09 00 12 E0	10356
1255	A8 54 31 06 09 00 12 E0	7530
1256	A8 54 31 06 09 00 12 E0	8076
1257	A8 54 31 06 09 00 12 E0	10307
1258	A8 54 31 06 09 00 12 E0	6240
1259	A8 54 31 06 09 00 12 E0	7169
1260	A8 54 31 06 09 00 12 E0	5147
1261	A8 54 31 06 09 00 12 E0	5859
1262	A8 54 31 06 09 00 12 E0	7082
1263	A8 54 31 06 09 00 12 E0	7454
1264	A8 54 31 06 09 00 12 E0	8923
1265	A8 54 31 06 09 00 12 E0	12174
1266	A8 54 31 06 09 00 12 E0	8134
1267	A8 54 31 06 09 00 12 E0	4998
1268	A8 54 31 06 09 00 12 E0	4922
1269	A8 54 31 06 09 00 12 E0	9393
1270	A8 54 31 06 09 00 12 E0	7568
1271	A8 54 31 06 09 00 12 E0	6432
1272	A8 54 31 06 09 00 12 E0	5299
1273	A8 54 31 06 09 00 12 E0	5414
1274	A8 54 31 06 09 00 12 E0	6863
1275	A8 54 31 06 09 00 12 E0	2776
1276	A8 54 31 06 09 00 12 E0	7344
1277	A8 54 31 06 09 00 12 E0	8234
1278	A8 54 31 06 09 00 12 E0	6655
1279	A8 54 31 06 09 00 12 E0	5895
1280	A8 54 31 06 09 00 12 E0	10127
1281	A8 54 31 06 09 00 12 E0	1822
1282	A8 54 31 06 09 00 12 E0	10197
1283	A8 54 31 06 09 00 12 E0	1115
1284	A8 61 31 06 09 00 12 E0	1123
1285	A8 61 31 06 09 00 12 E0	5942
1286	A8 61 31 06 09 00 12 E0	495
1287	A8 61 31 06 09 00 12 E0	1160
1288	A8 61 31 06 09 00 12 E0	2872
1289	A8 61 31 06 09 00 12 E0	339
1290	A8 61 31 06 09 00 12 E0	462
1291	A8 61 31 06 09 00 12 E0	871
1292	A8 61 31 06 09 00 12 E0	1255
1293	A8 61 31 06 09 00 12 E0	14113
1294	A9 61 31 06 09 00 12 E0	562
1295	A9 61 31 06 09 00 12 E0	519
1296	A9 61 31 06 09 00 12 E0	1816
1297	A9 61 31 06 09 00 12 E0	1239
1298	A9 61 31 06 09 00 12 E0	5677
1299	A9 61 31 06 09 00 12 E0	6693
1300	A9 61 31 06 09 00 12 E0	3717
1301	A9 61 31 06 09 00 12 E0	1178
1302	A9 61 31 06 09 00 12 E0	1431
1303	A9 61 31 06 09 00 12 E0	6791
1304	A9 61 31 06 09 00 12 E0	7547
1305	A9 61 31 06 09 00 12 E0	9000
1306	A9 61 31 06 09 00 12 E0	4561
1307	A9 61 31 06 09 00 12 E0	3907
1308	A9 61 31 06 09 00 12 E0	6914
1309	A9 61 31 06 09 00 12 E0	2544
1310	A9 61 31 06 09 00 12 E0	2414
1311	AC 61 31 06 09 00 12 E0	486
1312	AC 61 31 06 09 00 12 E0	472
1313	AD 61 31 06 09 00 12 E0	1391
1314	AD 61 31 06 09 00 12 E0	755
1315	AD 61 31 06 09 00 12 E0	615
1316	AD 61 31 06 09 00 12 E0	1919
1317	AD 61 31 06 09 00 12 E0	5542
1318	AD 61 31 06 09 00 12 E0	12933
1319	AD 61 31 06 09 00 12 E0	4419
1320	AD 61 31 06 09 00 12 E0	11205
1321	AD 61 31 06 09 00 12 E0	7592
1322	AD 61 31 06 09 00 12 E0	5614
1323	AD 61 31 06 09 00 12 E0	6428
1324	AD 61 31 06 09 00 12 E0	6105
1325	AD 61 31 06 09 00 12 E0	7313
1326	AD 61 31 06 09 00 12 E0	7644
1327	AD 61 31 06 09 00 12 E0	3860
1328	AD 61 31 06 09 00 12 E0	7780
1329	AD 61 31 06 09 00 12 E0	2400
1330	AD 61 31 06 09 00 12 E0	4464
1331	AD 61 31 06 09 00 12 E0	4123
1332	AD 61 31 06 09 00 12 E0	5802
1333	AD 61 31 06 09 00 12 E0	5058
1334	AD 61 31 06 09 00 12 E0	6981
1335	AD 61 31 06 09 00 12 E0	6177
1336	AD 61 31 06 09 00 12 E0	4919
1337	AE 61 31 06 09 00 12 E0	317
1338	AE 61 31 06 09 00 12 E0	523
1339	AE 61 31 06 09 00 12 E0	6754
1340	AE 61 31 06 09 00 12 E0	11766
1341	AE 61 31 06 09 00 12 E0	10730
1342	AE 61 31 06 09 00 12 E0	14173
1343	AE 61 31 06 09 00 12 E0	11144
1344	AE 61 31 06 09 00 12 E0	13469
1345	AE 61 31 06 09 00 12 E0	4994
1346	AE 61 31 06 09 00 12 E0	16960
1347	AE 61 31 06 09 00 12 E0	842
1348	AF 61 31 06 09 00 12 E0	1768
1349	AF 61 31 06 09 00 12 E0	459
1350	AF 61 31 06 09 00 12 E0	1104
1351	AF 61 31 06 09 00 12 E0	2368
1352	AF 61 31 06 09 00 12 E0	573
1353	AF 61 31 06 09 00 12 E0	772
1354	AF 61 31 06 09 00 12 E0	910
1355	AF 61 31 06 09 00 12 E0	2675
1356	AF 61 31 06 09 00 12 E0	663
1357	AF 61 31 06 09 00 12 E0	1919
1358	AF 61 31 06 09 00 12 E0	659
1359	AF 61 31 06 09 00 12 E0	1987
1360	AF 61 31 06 09 00 12 E0	1779
1361	AF 61 31 06 09 00 12 E0	460
1362	AF 61 31 06 09 00 12 E0	1141
1363	AF 61 31 06 09 00 12 E0	967
1364	AF 61 31 06 09 00 12 E0	937
1365	AF 61 31 06 09 00 12 E0	1831
1366	AF 61 31 06 09 00 12 E0	925
1367	AF 61 31 06 09 00 12 E0	1388
1368	AF 64 22 06 08 00 12 E0	1779
1369	AF 64 22 06 08 00 12 E0	569
1370	AF 64 22 06 08 00 12 E0	1940
1371	AF 64 22 06 08 00 12 E0	688
1372	AF 64 22 06 08 00 12 E0	1262
1373	AF 64 22 06 08 00 12 E0	1650
1374	B1 67 22 06 08 00 12 E0	459
1375	B1 67 22 06 08 00 12 E0	767
1376	B3 61 31 06 09 00 12 E0	488
1377	B3 61 31 06 09 00 12 E0	1196
1378	B3 61 31 06 09 00 12 E0	3727
1379	B3 61 31 06 09 00 12 E0	2509
1380	B3 61 31 06 09 00 12 E0	1894
1381	B3 61 31 06 09 00 12 E0	1461
1382	B3 61 31 06 09 00 12 E0	5629
1383	B3 61 31 06 09 00 12 E0	21030
1384	B3 61 31 06 09 00 12 E0	562
1385	B3 61 31 06 09 00 12 E0	2269
1386	B3 61 31 06 09 00 12 E0	1294
1387	B3 61 31 06 09 00 12 E0	8828
1388	B3 61 31 06 09 00 12 E0	1649
1389	B3 61 31 06 09 00 12 E0	1715
1390	B3 61 31 06 09 00 12 E0	2381
1391	B3 61 31 06 09 00 12 E0	1369
1392	B3 61 31 06 09 00 12 E0	2855
1393	B3 61 31 06 09 00 12 E0	4648
1394	B3 61 31 06 09 00 12 E0	2164
1395	B3 61 31 06 09 00 12 E0	1835
1396	B3 61 31 06 09 00 12 E0	5698
1397	B3 61 31 06 09 00 12 E0	905
1398	B3 61 31 06 09 00 12 E0	2832
1399	B3 61 31 06 09 00 12 E0	2283
1400	B3 61 31 06 09 00 12 E0	4081
1401	B3 61 31 06 09 00 12 E0	1180
1402	B3 61 31 06 09 00 12 E0	967
1403	B3 61 31 06 09 00 12 E0	2505
1404	B3 61 31 06 09 00 12 E0	5199
1405	B3 61 31 06 09 00 12 E0	976
1406	B3 61 31 06 09 00 12 E0	2207
1407	B3 61 31 06 09 00 12 E0	2072
1408	B3 61 31 06 09 00 12 E0	1243
1409	B3 61 31 06 09 00 12 E0	2488
1410	B3 61 31 06 09 00 12 E0	729
1411	B3 61 31 06 09 00 12 E0	11877
1412	B3 61 31 06 09 00 12 E0	6482
1413	B3 61 31 06 09 00 12 E0	2817
1414	B3 61 31 06 09 00 12 E0	1298
1415	B3 61 31 06 09 00 12 E0	5089
1416	B3 61 31 06 09 00 12 E0	7474
1417	B3 61 31 06 09 00 12 E0	7155
1418	B3 61 31 06 09 00 12 E0	4130
1419	B3 61 31 06 09 00 12 E0	3928
1420	B3 61 31 06 09 00 12 E0	4643
1421	B3 61 31 06 09 00 12 E0	4490
1422	B3 61 31 06 09 00 12 E0	3570
1423	B3 61 31 06 09 00 12 E0	6603
1424	B3 61 31 06 09 00 12 E0	5499
1425	B3 61 31 06 09 00 12 E0	9062
1426	B3 61 31 06 09 00 12 E0	7862
1427	B3 61 31 06 09 00 12 E0	8443
1428	B3 61 31 06 09 00 12 E0	7247
1429	B3 61 31 06 09 00 12 E0	9752
1430	B3 61 31 06 09 00 12 E0	7265
1431	B4 61 31 06 09 00 12 E0	456
1432	B6 61 31 06 09 00 12 E0	2247
1433	B6 61 31 06 09 00 12 E0	4242
1434	B6 61 31 06 09 00 12 E0	6237
1435	B6 61 31 06 09 00 12 E0	6641
1436	B6 61 31 06 09 00 12 E0	6905
1437	B6 61 31 06 09 00 12 E0	5624
1438	B6 61 31 06 09 00 12 E0	6790
1439	B6 61 31 06 09 00 12 E0	6395
1440	B6 61 31 06 09 00 12 E0	6108
1441	B6 61 31 06 09 00 12 E0	5999
1442	B6 61 31 06 09 00 12 E0	7336
1443	B6 61 31 06 09 00 12 E0	6029
1444	B6 61 31 06 09 00 12 E0	4833
1445	B6 61 31 06 09 00 12 E0	10755
1446	B6 61 31 06 09 00 12 E0	6342
1447	B6 67 22 06 08 00 12 E0	394
1448	B6 67 22 06 08 00 12 E0	891
1449	B7 61 31 06 09 00 12 E0	1135
1450	B7 61 31 06 09 00 12 E0	343
1451	B7 61 31 06 09 00 12 E0	520
1452	B7 61 31 06 09 00 12 E0	426
1453	B7 64 22 06 08 00 12 E0	482
1454	B7 64 22 06 08 00 12 E0	556
1455	B7 64 22 06 08 00 12 E0	1756
1456	B7 64 22 06 08 00 12 E0	1320
1457	B7 64 22 06 08 00 12 E0	478
1458	B7 64 22 06 08 00 12 E0	1626
1459	B8 61 31 06 09 00 12 E0	336
1460	B8 61 31 06 09 00 12 E0	622
1461	B8 61 31 06 09 00 12 E0	576
1462	B8 61 31 06 09 00 12 E0	1245
1463	B8 61 31 06 09 00 12 E0	2576
1464	B8 61 31 06 09 00 12 E0	589
1465	B8 61 31 06 09 00 12 E0	434
1466	B8 61 31 06 09 00 12 E0	414
1467	B8 61 31 06 09 00 12 E0	546
1468	B8 61 31 06 09 00 12 E0	474
1469	B8 61 31 06 09 00 12 E0	1209
1470	B8 61 31 06 09 00 12 E0	444
1471	B8 61 31 06 09 00 12 E0	497
1472	B8 61 31 06 09 00 12 E0	829
1473	B8 61 31 06 09 00 12 E0	2203
1474	B8 61 31 06 09 00 12 E0	5208
1475	B8 61 31 06 09 00 12 E0	453
1476	B8 61 31 06 09 00 12 E0	753
1477	B8 61 31 06 09 00 12 E0	444
1478	B8 61 31 06 09 00 12 E0	1068
1479	B8 61 31 06 09 00 12 E0	1757
1480	B8 61 31 06 09 00 12 E0	340
1481	B8 61 31 06 09 00 12 E0	425
1482	B8 61 31 06 09 00 12 E0	348
1483	B9 61 31 06 09 00 12 E0	633
1484	B9 61 31 06 09 00 12 E0	619
1485	B9 61 31 06 09 00 12 E0	1819
1486	B9 61 31 06 09 00 12 E0	5832
1487	B9 61 31 06 09 00 12 E0	5981
1488	B9 61 31 06 09 00 12 E0	2231
1489	B9 61 31 06 09 00 12 E0	6482
1490	B9 61 31 06 09 00 12 E0	7687
1491	B9 61 31 06 09 00 12 E0	679
1492	B9 61 31 06 09 00 12 E0	662
1493	B9 61 31 06 09 00 12 E0	7465
1494	B9 61 31 06 09 00 12 E0	5413
1495	B9 61 31 06 09 00 12 E0	11847
1496	B9 61 31 06 09 00 12 E0	8849
1497	B9 61 31 06 09 00 12 E0	6260
1498	B9 61 31 06 09 00 12 E0	10043
1499	B9 61 31 06 09 00 12 E0	4569
1500	B9 61 31 06 09 00 12 E0	8277
1501	B9 61 31 06 09 00 12 E0	2344
1502	B9 61 31 06 09 00 12 E0	6417
1503	B9 61 31 06 09 00 12 E0	3133
1504	B9 61 31 06 09 00 12 E0	1924
1505	B9 61 31 06 09 00 12 E0	3241
1506	B9 61 31 06 09 00 12 E0	596
1507	B9 61 31 06 09 00 12 E0	6094
1508	B9 61 31 06 09 00 12 E0	7593
1509	B9 61 31 06 09 00 12 E0	5788
1510	B9 61 31 06 09 00 12 E0	3523
1511	B9 61 31 06 09 00 12 E0	848
1512	B9 61 31 06 09 00 12 E0	6793
1513	B9 61 31 06 09 00 12 E0	2394
1514	B9 61 31 06 09 00 12 E0	2161
1515	B9 61 31 06 09 00 12 E0	4363
1516	B9 61 31 06 09 00 12 E0	1018
1517	B9 61 31 06 09 00 12 E0	1735
1518	B9 61 31 06 09 00 12 E0	953
1519	B9 61 31 06 09 00 12 E0	6264
1520	B9 61 31 06 09 00 12 E0	10761
1521	B9 61 31 06 09 00 12 E0	5793
1522	B9 61 31 06 09 00 12 E0	9443
1523	B9 61 31 06 09 00 12 E0	11054
1524	B9 61 31 06 09 00 12 E0	1338
1525	B9 61 31 06 09 00 12 E0	5236
1526	B9 61 31 06 09 00 12 E0	8216
1527	B9 61 31 06 09 00 12 E0	1388
1528	B9 61 31 06 09 00 12 E0	13442
1529	B9 61 31 06 09 00 12 E0	8186
1530	B9 61 31 06 09 00 12 E0	10309
1531	B9 61 31 06 09 00 12 E0	9577
1532	B9 61 31 06 09 00 12 E0	6014
1533	B9 61 31 06 09 00 12 E0	5214
1534	B9 61 31 06 09 00 12 E0	5857
1535	B9 61 31 06 09 00 12 E0	24460
1536	B9 61 31 06 09 00 12 E0	12100
1537	BA 61 31 06 09 00 12 E0	3949
1538	BA 61 31 06 09 00 12 E0	2904
1539	BA 61 31 06 09 00 12 E0	5777
1540	BA 61 31 06 09 00 12 E0	4202
1541	BA 61 31 06 09 00 12 E0	4351
1542	BA 61 31 06 09 00 12 E0	863
1543	BA 61 31 06 09 00 12 E0	2381
1544	BA 61 31 06 09 00 12 E0	8100
1545	BA 61 31 06 09 00 12 E0	5960
1546	BA 61 31 06 09 00 12 E0	9155
1547	BA 61 31 06 09 00 12 E0	4218
1548	BA 61 31 06 09 00 12 E0	8468
1549	BA 61 31 06 09 00 12 E0	8027
1550	BA 61 31 06 09 00 12 E0	4335
1551	BA 61 31 06 09 00 12 E0	1521
1552	BB 61 31 06 09 00 12 E0	446
1553	BC 61 31 06 09 00 12 E0	401
1554	BC 61 31 06 09 00 12 E0	723
1555	BC 61 31 06 09 00 12 E0	424
1556	BC 61 31 06 09 00 12 E0	1006
1557	BC 61 31 06 09 00 12 E0	4465
1558	BC 61 31 06 09 00 12 E0	66642
1559	BC 61 31 06 09 00 12 E0	6250
1560	BC 61 31 06 09 00 12 E0	8201
1561	BC 61 31 06 09 00 12 E0	7578
1562	BC 61 31 06 09 00 12 E0	446
1563	BC 61 31 06 09 00 12 E0	6526
1564	BC 61 31 06 09 00 12 E0	6317
1565	BC 61 31 06 09 00 12 E0	9247
1566	BC 61 31 06 09 00 12 E0	6186
1567	BC 61 31 06 09 00 12 E0	10886
1568	BC 61 31 06 09 00 12 E0	525
1569	BC 61 31 06 09 00 12 E0	1014
1570	BC 61 31 06 09 00 12 E0	11745
1571	BC 61 31 06 09 00 12 E0	7479
1572	BC 61 31 06 09 00 12 E0	746
1573	BC 61 31 06 09 00 12 E0	6458
1574	BC 61 31 06 09 00 12 E0	2209
1575	BC 61 31 06 09 00 12 E0	3236
1576	BC 61 31 06 09 00 12 E0	9300
1577	BC 61 31 06 09 00 12 E0	7761
1578	BC 64 22 06 08 00 12 E0	577
1579	BC 64 22 06 08 00 12 E0	462
1580	BC 64 22 06 08 00 12 E0	1050
1581	BC 64 22 06 08 00 12 E0	903
1582	BC 64 22 06 08 00 12 E0	406
1583	BC 64 22 06 08 00 12 E0	469
1584	BC 64 22 06 08 00 12 E0	770
1585	BC 64 22 06 08 00 12 E0	343
1586	BC 64 22 06 08 00 12 E0	483
1587	BC 64 22 06 08 00 12 E0	1180
1588	BD 61 31 06 09 00 12 E0	3438
1589	BD 61 31 06 09 00 12 E0	448
1590	BD 61 31 06 09 00 12 E0	1097
1591	BD 61 31 06 09 00 12 E0	3072
1592	BD 61 31 06 09 00 12 E0	15849
1593	BD 61 31 06 09 00 12 E0	489
1594	BD 61 31 06 09 00 12 E0	445
1595	BD 61 31 06 09 00 12 E0	510
1596	BD 61 31 06 09 00 12 E0	554
1597	BD 61 31 06 09 00 12 E0	611
1598	BD 61 31 06 09 00 12 E0	5082
1599	BD 61 31 06 09 00 12 E0	4700
1600	BD 61 31 06 09 00 12 E0	435
1601	BD 61 31 06 09 00 12 E0	7369
1602	BD 61 31 06 09 00 12 E0	8032
1603	BD 61 31 06 09 00 12 E0	6109
1604	BD 61 31 06 09 00 12 E0	14567
1605	BD 61 31 06 09 00 12 E0	6242
1606	BD 61 31 06 09 00 12 E0	8022
1607	BD 61 31 06 09 00 12 E0	5151
1608	BD 61 31 06 09 00 12 E0	5658
1609	BD 61 31 06 09 00 12 E0	5305
1610	BE 64 22 06 08 00 12 E0	365
1611	BF 61 31 06 09 00 12 E0	907
1612	BF 61 31 06 09 00 12 E0	3339
1613	BF 61 31 06 09 00 12 E0	803
1614	BF 61 31 06 09 00 12 E0	367
1615	BF 61 31 06 09 00 12 E0	687
1616	BF 61 31 06 09 00 12 E0	953
1617	BF 61 31 06 09 00 12 E0	943
1618	BF 61 31 06 09 00 12 E0	1321
1619	BF 61 31 06 09 00 12 E0	1512
1620	BF 61 31 06 09 00 12 E0	4796
1621	BF 61 31 06 09 00 12 E0	1498
1622	BF 61 31 06 09 00 12 E0	6072
1623	BF 61 31 06 09 00 12 E0	626
1624	BF 61 31 06 09 00 12 E0	756
1625	BF 61 31 06 09 00 12 E0	861
1626	BF 61 31 06 09 00 12 E0	2522
1627	BF 61 31 06 09 00 12 E0	1833
1628	BF 61 31 06 09 00 12 E0	2712
1629	BF 61 31 06 09 00 12 E0	1638
1630	BF 61 31 06 09 00 12 E0	2334
1631	BF 61 31 06 09 00 12 E0	3975
1632	BF 61 31 06 09 00 12 E0	1011
1633	BF 61 31 06 09 00 12 E0	2596
1634	BF 61 31 06 09 00 12 E0	3374
1635	BF 61 31 06 09 00 12 E0	8939
1636	BF 61 31 06 09 00 12 E0	5782
1637	BF 61 31 06 09 00 12 E0	581
1638	BF 61 31 06 09 00 12 E0	456
1639	BF 61 31 06 09 00 12 E0	1765
1640	BF 61 31 06 09 00 12 E0	1937
1641	BF 61 31 06 09 00 12 E0	8008
1642	BF 61 31 06 09 00 12 E0	2238
1643	BF 61 31 06 09 00 12 E0	7174
1644	BF 61 31 06 09 00 12 E0	5939
1645	BF 61 31 06 09 00 12 E0	3551
1646	BF 61 31 06 09 00 12 E0	2940
1647	BF 61 31 06 09 00 12 E0	1851
1648	BF 61 31 06 09 00 12 E0	9059
1649	BF 61 31 06 09 00 12 E0	10974
1650	BF 61 31 06 09 00 12 E0	3572
1651	BF 61 31 06 09 00 12 E0	4201
1652	BF 61 31 06 09 00 12 E0	4985
1653	BF 61 31 06 09 00 12 E0	2106
1654	BF 61 31 06 09 00 12 E0	7746
1655	BF 61 31 06 09 00 12 E0	6595
1656	C0 61 31 06 09 00 12 E0	704
1657	C0 61 31 06 09 00 12 E0	753
1658	C0 61 31 06 09 00 12 E0	507
1659	C0 61 31 06 09 00 12 E0	346
1660	C0 61 31 06 09 00 12 E0	1193
1661	C0 61 31 06 09 00 12 E0	707
1662	C0 61 31 06 09 00 12 E0	394
1663	C0 61 31 06 09 00 12 E0	336
1664	C0 61 31 06 09 00 12 E0	427
1665	C0 61 31 06 09 00 12 E0	441
1666	C0 61 31 06 09 00 12 E0	852
1667	C0 61 31 06 09 00 12 E0	509
1668	C0 61 31 06 09 00 12 E0	391
1669	C0 61 31 06 09 00 12 E0	323
1670	C0 61 31 06 09 00 12 E0	470
1671	C0 61 31 06 09 00 12 E0	389
1672	C0 61 31 06 09 00 12 E0	393
1673	C0 61 31 06 09 00 12 E0	510
1674	C0 61 31 06 09 00 12 E0	477
1675	C0 61 31 06 09 00 12 E0	534
1676	C0 61 31 06 09 00 12 E0	630
1677	C0 61 31 06 09 00 12 E0	695
1678	C0 61 31 06 09 00 12 E0	386
1679	C0 61 31 06 09 00 12 E0	2196
1680	C0 61 31 06 09 00 12 E0	566
1681	C0 61 31 06 09 00 12 E0	981
1682	C0 61 31 06 09 00 12 E0	367
1683	C0 61 31 06 09 00 12 E0	524
1684	C0 61 31 06 09 00 12 E0	382
1685	C0 61 31 06 09 00 12 E0	335
1686	C0 61 31 06 09 00 12 E0	423
1687	C0 61 31 06 09 00 12 E0	1237
1688	C0 61 31 06 09 00 12 E0	383
1689	C0 61 31 06 09 00 12 E0	875
1690	C0 61 31 06 09 00 12 E0	540
1691	C0 61 31 06 09 00 12 E0	475
1692	C0 61 31 06 09 00 12 E0	2596
1693	C0 61 31 06 09 00 12 E0	438
1694	C0 61 31 06 09 00 12 E0	774
1695	C0 61 31 06 09 00 12 E0	1514
1696	C0 61 31 06 09 00 12 E0	446
1697	C0 61 31 06 09 00 12 E0	1766
1698	C0 61 31 06 09 00 12 E0	662
1699	C0 61 31 06 09 00 12 E0	317
1700	C0 61 31 06 09 00 12 E0	674
1701	C0 61 31 06 09 00 12 E0	321
1702	C0 61 31 06 09 00 12 E0	574
1703	C0 61 31 06 09 00 12 E0	945
1704	C2 50 31 06 09 00 12 E0	1372
1705	C3 66 22 06 08 00 12 E0	363
1706	C3 66 22 06 08 00 12 E0	728
1707	C3 66 22 06 08 00 12 E0	859
1708	C3 66 22 06 08 00 12 E0	381
1709	C3 66 22 06 08 00 12 E0	675
1710	C3 66 22 06 08 00 12 E0	1167
1711	C3 66 22 06 08 00 12 E0	1678
1712	C3 66 22 06 08 00 12 E0	328
1713	C3 66 22 06 08 00 12 E0	14027
1714	C3 66 22 06 08 00 12 E0	801
1715	C3 66 22 06 08 00 12 E0	1080
1716	C4 66 22 06 08 00 12 E0	58704
1717	C4 66 22 06 08 00 12 E0	6332
1718	C4 66 22 06 08 00 12 E0	6065
1719	C4 66 22 06 08 00 12 E0	5512
1720	C4 66 22 06 08 00 12 E0	1667
1721	C4 66 22 06 08 00 12 E0	1507
1722	C4 66 22 06 08 00 12 E0	2818
1723	C4 66 22 06 08 00 12 E0	4793
1724	C4 66 22 06 08 00 12 E0	1762
1725	C4 66 22 06 08 00 12 E0	1657
1726	C4 66 22 06 08 00 12 E0	1158
1727	C4 66 22 06 08 00 12 E0	1267
1728	C4 66 22 06 08 00 12 E0	6927
1729	C4 66 22 06 08 00 12 E0	4431
1730	C4 66 22 06 08 00 12 E0	47548
1731	C4 66 22 06 08 00 12 E0	318
1732	C4 66 22 06 08 00 12 E0	1366
1733	C4 66 22 06 08 00 12 E0	1183
1734	C4 66 22 06 08 00 12 E0	1472
1735	C4 66 22 06 08 00 12 E0	2005
1736	C4 66 22 06 08 00 12 E0	5947
1737	C4 66 22 06 08 00 12 E0	1395
1738	C4 66 22 06 08 00 12 E0	6123
1739	C4 66 22 06 08 00 12 E0	4378
1740	C4 66 22 06 08 00 12 E0	5543
1741	C4 66 22 06 08 00 12 E0	8264
1742	C4 66 22 06 08 00 12 E0	9942
1743	C4 66 22 06 08 00 12 E0	7193
1744	C4 66 22 06 08 00 12 E0	7247
1745	C4 66 22 06 08 00 12 E0	8451
1746	C4 66 22 06 08 00 12 E0	8074
1747	C4 66 22 06 08 00 12 E0	6771
1748	C4 66 22 06 08 00 12 E0	8111
1749	C4 66 22 06 08 00 12 E0	10605
1750	C4 66 22 06 08 00 12 E0	1292
1751	C4 66 22 06 08 00 12 E0	587
1752	C4 66 22 06 08 00 12 E0	11055
1753	C4 66 22 06 08 00 12 E0	11497
1754	C4 66 22 06 08 00 12 E0	11869
1755	C7 64 22 06 08 00 12 E0	318
1756	C7 64 22 06 08 00 12 E0	1811
1757	C7 64 22 06 08 00 12 E0	537
1758	C7 64 22 06 08 00 12 E0	1629
1759	C7 64 22 06 08 00 12 E0	1487
1760	C7 64 22 06 08 00 12 E0	1286
1761	C7 64 22 06 08 00 12 E0	1251
1762	C7 64 22 06 08 00 12 E0	1148
1763	C7 64 22 06 08 00 12 E0	1327
1764	C7 64 22 06 08 00 12 E0	1280
1765	C7 64 22 06 08 00 12 E0	1123
1766	C7 64 22 06 08 00 12 E0	1043
1767	C7 64 22 06 08 00 12 E0	1192
1768	C7 64 22 06 08 00 12 E0	1329
1769	C7 64 22 06 08 00 12 E0	1426
1770	C7 64 22 06 08 00 12 E0	1388
1771	C7 64 22 06 08 00 12 E0	1733
1772	C7 64 22 06 08 00 12 E0	1562
1773	C7 64 22 06 08 00 12 E0	1073
1774	C7 64 22 06 08 00 12 E0	1193
1775	C7 64 22 06 08 00 12 E0	1336
1776	C7 64 22 06 08 00 12 E0	1366
1777	C7 64 22 06 08 00 12 E0	1350
1778	C7 64 22 06 08 00 12 E0	1319
1779	C7 64 22 06 08 00 12 E0	1363
1780	C7 64 22 06 08 00 12 E0	1313
1781	C7 64 22 06 08 00 12 E0	1716
1782	C7 64 22 06 08 00 12 E0	1440
1783	C7 64 22 06 08 00 12 E0	1473
1784	C7 64 22 06 08 00 12 E0	1413
1785	C7 64 22 06 08 00 12 E0	1470
1786	C7 64 22 06 08 00 12 E0	1541
1787	C7 64 22 06 08 00 12 E0	1516
1788	C7 64 22 06 08 00 12 E0	1477
1789	C7 64 22 06 08 00 12 E0	1677
1790	C7 64 22 06 08 00 12 E0	1736
1791	C7 64 22 06 08 00 12 E0	1648
1792	C7 64 22 06 08 00 12 E0	1878
1793	C7 64 22 06 08 00 12 E0	2363
1794	C7 64 22 06 08 00 12 E0	1381
1795	C7 64 22 06 08 00 12 E0	1617
1796	C7 64 22 06 08 00 12 E0	1753
1797	C7 64 22 06 08 00 12 E0	1622
1798	C7 64 22 06 08 00 12 E0	1857
1799	C7 64 22 06 08 00 12 E0	2029
1800	C7 64 22 06 08 00 12 E0	3111
1801	C7 64 22 06 08 00 12 E0	1342
1802	C8 54 31 06 09 00 12 E0	605
1803	C8 54 31 06 09 00 12 E0	423
1804	C8 54 31 06 09 00 12 E0	815
1805	C8 54 31 06 09 00 12 E0	7611
1806	C8 54 31 06 09 00 12 E0	321
1807	C8 54 31 06 09 00 12 E0	1335
1808	C8 54 31 06 09 00 12 E0	857
1809	C8 54 31 06 09 00 12 E0	9423
1810	C8 54 31 06 09 00 12 E0	5377
1811	C8 54 31 06 09 00 12 E0	8357
1812	C8 54 31 06 09 00 12 E0	7721
1813	C8 54 31 06 09 00 12 E0	744
1814	C8 54 31 06 09 00 12 E0	7356
1815	C8 54 31 06 09 00 12 E0	1901
1816	C8 54 31 06 09 00 12 E0	491
1817	C8 54 31 06 09 00 12 E0	448
1818	C8 54 31 06 09 00 12 E0	1329
1819	C8 54 31 06 09 00 12 E0	1805
1820	C8 54 31 06 09 00 12 E0	2398
1821	C8 54 31 06 09 00 12 E0	3106
1822	CA 53 31 06 09 00 12 E0	522
1823	CA 53 31 06 09 00 12 E0	622
1824	CA 53 31 06 09 00 12 E0	383
1825	CA 53 31 06 09 00 12 E0	9116
1826	CA 53 31 06 09 00 12 E0	6280
1827	CA 53 31 06 09 00 12 E0	7998
1828	CB 53 31 06 09 00 12 E0	450
1829	CB 53 31 06 09 00 12 E0	411
1830	CB 53 31 06 09 00 12 E0	370
1831	CB 53 31 06 09 00 12 E0	1087
1832	CB 53 31 06 09 00 12 E0	1493
1833	CB 53 31 06 09 00 12 E0	1298
1834	CB 53 31 06 09 00 12 E0	1940
1835	CB 53 31 06 09 00 12 E0	746
1836	CB 53 31 06 09 00 12 E0	814
1837	CB 53 31 06 09 00 12 E0	2711
1838	CB 53 31 06 09 00 12 E0	2550
1839	CB 53 31 06 09 00 12 E0	3242
1840	CB 53 31 06 09 00 12 E0	2496
1841	CB 53 31 06 09 00 12 E0	7056
1842	CB 53 31 06 09 00 12 E0	2579
1843	CB 53 31 06 09 00 12 E0	567
1844	CB 53 31 06 09 00 12 E0	1259
1845	CB 53 31 06 09 00 12 E0	6777
1846	CB 53 31 06 09 00 12 E0	5815
1847	CB 53 31 06 09 00 12 E0	4049
1848	CB 53 31 06 09 00 12 E0	3288
1849	CB 53 31 06 09 00 12 E0	4195
1850	CB 53 31 06 09 00 12 E0	2923
1851	CB 53 31 06 09 00 12 E0	1231
1852	CB 53 31 06 09 00 12 E0	1943
1853	CB 53 31 06 09 00 12 E0	1926
1854	CB 53 31 06 09 00 12 E0	2069
1855	CB 53 31 06 09 00 12 E0	1716
1856	CB 53 31 06 09 00 12 E0	2456
1857	CB 53 31 06 09 00 12 E0	814
1858	CB 53 31 06 09 00 12 E0	3032
1859	CB 53 31 06 09 00 12 E0	1998
1860	CB 53 31 06 09 00 12 E0	3105
1861	CB 53 31 06 09 00 12 E0	4253
1862	CB 53 31 06 09 00 12 E0	955
1863	CB 53 31 06 09 00 12 E0	987
1864	CB 53 31 06 09 00 12 E0	1273
1865	CB 53 31 06 09 00 12 E0	1693
1866	CB 53 31 06 09 00 12 E0	1705
1867	CB 53 31 06 09 00 12 E0	2270
1868	CB 53 31 06 09 00 12 E0	1965
1869	CB 53 31 06 09 00 12 E0	1896
1870	CB 53 31 06 09 00 12 E0	1523
1871	CB 53 31 06 09 00 12 E0	1842
1872	CB 53 31 06 09 00 12 E0	1852
1873	CB 53 31 06 09 00 12 E0	1680
1874	CB 53 31 06 09 00 12 E0	2321
1875	CB 53 31 06 09 00 12 E0	2782
1876	CB 53 31 06 09 00 12 E0	2747
1877	CB 53 31 06 09 00 12 E0	1636
1878	CB 53 31 06 09 00 12 E0	1407
1879	CB 53 31 06 09 00 12 E0	1272
1880	CB 53 31 06 09 00 12 E0	1759
1881	CB 53 31 06 09 00 12 E0	1363
1882	CB 53 31 06 09 00 12 E0	1601
1883	CB 53 31 06 09 00 12 E0	1070
1884	CB 53 31 06 09 00 12 E0	1351
1885	CB 53 31 06 09 00 12 E0	1290
1886	CB 53 31 06 09 00 12 E0	1275
1887	CB 53 31 06 09 00 12 E0	1317
1888	CB 53 31 06 09 00 12 E0	1107
1889	CB 53 31 06 09 00 12 E0	1299
1890	CB 53 31 06 09 00 12 E0	1552
1891	CB 53 31 06 09 00 12 E0	1559
1892	CB 53 31 06 09 00 12 E0	2447
1893	CB 53 31 06 09 00 12 E0	1150
1894	CB 53 31 06 09 00 12 E0	1323
1895	CB 53 31 06 09 00 12 E0	1285
1896	CB 53 31 06 09 00 12 E0	1650
1897	CB 53 31 06 09 00 12 E0	1543
1898	CB 53 31 06 09 00 12 E0	2080
1899	CB 53 31 06 09 00 12 E0	1864
1900	CB 66 22 06 08 00 12 E0	554
1901	CB 66 22 06 08 00 12 E0	4900
1902	CB 66 22 06 08 00 12 E0	9079
1903	CB 66 22 06 08 00 12 E0	5370
1904	CB 66 22 06 08 00 12 E0	2859
1905	CB 66 22 06 08 00 12 E0	5823
1906	CB 66 22 06 08 00 12 E0	3822
1907	CB 66 22 06 08 00 12 E0	5443
1908	CB 66 22 06 08 00 12 E0	5301
1909	CB 66 22 06 08 00 12 E0	4307
1910	CB 66 22 06 08 00 12 E0	4272
1911	CB 66 22 06 08 00 12 E0	5213
1912	CB 66 22 06 08 00 12 E0	5492
1913	CB 66 22 06 08 00 12 E0	4285
1914	CB 66 22 06 08 00 12 E0	6578
1915	CB 66 22 06 08 00 12 E0	9214
1916	CD 64 22 06 08 00 12 E0	339
1917	CD 64 22 06 08 00 12 E0	1183
1918	CD 64 22 06 08 00 12 E0	713
1919	CD 64 22 06 08 00 12 E0	741
1920	CD 64 22 06 08 00 12 E0	1074
1921	CD 64 22 06 08 00 12 E0	1018
1922	CD 64 22 06 08 00 12 E0	1136
1923	CD 64 22 06 08 00 12 E0	1407
1924	CD 64 22 06 08 00 12 E0	1247
1925	CD 64 22 06 08 00 12 E0	1373
1926	CD 64 22 06 08 00 12 E0	1349
1927	CD 64 22 06 08 00 12 E0	1269
1928	CD 64 22 06 08 00 12 E0	1396
1929	CD 64 22 06 08 00 12 E0	1189
1930	CD 64 22 06 08 00 12 E0	1085
1931	CD 64 22 06 08 00 12 E0	1111
1932	CD 64 22 06 08 00 12 E0	1343
1933	CD 64 22 06 08 00 12 E0	1342
1934	CD 64 22 06 08 00 12 E0	1304
1935	CD 64 22 06 08 00 12 E0	1432
1936	CD 64 22 06 08 00 12 E0	1429
1937	CD 64 22 06 08 00 12 E0	1373
1938	CD 64 22 06 08 00 12 E0	1245
1939	CD 64 22 06 08 00 12 E0	1373
1940	CD 64 22 06 08 00 12 E0	1364
1941	CD 64 22 06 08 00 12 E0	1571
1942	CD 64 22 06 08 00 12 E0	1384
1943	CD 64 22 06 08 00 12 E0	1617
1944	CD 64 22 06 08 00 12 E0	1315
1945	CD 64 22 06 08 00 12 E0	1133
1946	CD 64 22 06 08 00 12 E0	1542
1947	CD 64 22 06 08 00 12 E0	1508
1948	CD 64 22 06 08 00 12 E0	1583
1949	CD 64 22 06 08 00 12 E0	1799
1950	CD 64 22 06 08 00 12 E0	1495
1951	CD 64 22 06 08 00 12 E0	1480
1952	CD 64 22 06 08 00 12 E0	1312
1953	CD 64 22 06 08 00 12 E0	1328
1954	CD 64 22 06 08 00 12 E0	1567
1955	CD 64 22 06 08 00 12 E0	1543
1956	CD 64 22 06 08 00 12 E0	1501
1957	CD 64 22 06 08 00 12 E0	1429
1958	CD 64 22 06 08 00 12 E0	1755
1959	CD 64 22 06 08 00 12 E0	1127
1960	CD 64 22 06 08 00 12 E0	1546
1961	CD 64 22 06 08 00 12 E0	2075
1962	CD 64 22 06 08 00 12 E0	1769
1963	CD 64 22 06 08 00 12 E0	1617
1964	CD 64 22 06 08 00 12 E0	1641
1965	CD 64 22 06 08 00 12 E0	1349
1966	CD 64 22 06 08 00 12 E0	1735
1967	CD 64 22 06 08 00 12 E0	1285
1968	CD 64 22 06 08 00 12 E0	1897
1969	CD 64 22 06 08 00 12 E0	1214
1970	CD 64 22 06 08 00 12 E0	3172
1971	CD 64 22 06 08 00 12 E0	973
1972	CD 64 22 06 08 00 12 E0	311
1973	CD 64 22 06 08 00 12 E0	1442
1974	CD 64 22 06 08 00 12 E0	584
1975	CD 64 22 06 08 00 12 E0	586
1976	CD 64 22 06 08 00 12 E0	1378
1977	CD 64 22 06 08 00 12 E0	1847
1978	CD 64 22 06 08 00 12 E0	1725
1979	CD 64 22 06 08 00 12 E0	1168
1980	CD 64 22 06 08 00 12 E0	1661
1981	CD 64 22 06 08 00 12 E0	1653
1982	CD 64 22 06 08 00 12 E0	2008
1983	CD 64 22 06 08 00 12 E0	526
1984	CD 64 22 06 08 00 12 E0	442
1985	CD 64 22 06 08 00 12 E0	676
1986	CD 64 22 06 08 00 12 E0	1654
1987	CD 64 22 06 08 00 12 E0	2071
1988	CD 64 22 06 08 00 12 E0	1270
1989	CD 64 22 06 08 00 12 E0	1734
1990	CD 64 22 06 08 00 12 E0	1318
1991	CD 64 22 06 08 00 12 E0	1887
1992	CD 64 22 06 08 00 12 E0	1599
1993	CD 64 22 06 08 00 12 E0	1785
1994	CD 64 22 06 08 00 12 E0	2098
1995	CD 64 22 06 08 00 12 E0	2056
1996	CD 64 22 06 08 00 12 E0	1667
1997	CD 64 22 06 08 00 12 E0	1608
1998	CD 64 22 06 08 00 12 E0	2094
1999	CD 64 22 06 08 00 12 E0	2499
2000	CD 64 22 06 08 00 12 E0	774
2001	CD 64 22 06 08 00 12 E0	1474
2002	CD 64 22 06 08 00 12 E0	1911
2003	CD 64 22 06 08 00 12 E0	2343
2004	CD 64 22 06 08 00 12 E0	2269
2005	CD 64 22 06 08 00 12 E0	1701
2006	CD 64 22 06 08 00 12 E0	1456
2007	CD 64 22 06 08 00 12 E0	1819
2008	CD 64 22 06 08 00 12 E0	3129
2009	CD 64 22 06 08 00 12 E0	1923
2010	CD 64 22 06 08 00 12 E0	2434
2011	CD 64 22 06 08 00 12 E0	3197
2012	CD 64 22 06 08 00 12 E0	3588
2013	CD 64 22 06 08 00 12 E0	2069
2014	CD 64 22 06 08 00 12 E0	969
2015	CD 64 22 06 08 00 12 E0	1685
2016	CD 64 22 06 08 00 12 E0	2085
2017	CD 64 22 06 08 00 12 E0	2628
2018	CD 64 22 06 08 00 12 E0	2265
2019	CD 64 22 06 08 00 12 E0	2748
2020	CD 64 22 06 08 00 12 E0	2236
2021	CD 64 22 06 08 00 12 E0	1802
2022	CD 64 22 06 08 00 12 E0	2281
2023	CD 64 22 06 08 00 12 E0	3238
2024	CD 64 22 06 08 00 12 E0	4226
2025	CD 64 22 06 08 00 12 E0	2785
2026	CD 64 22 06 08 00 12 E0	1091
2027	CD 64 22 06 08 00 12 E0	1525
2028	CD 64 22 06 08 00 12 E0	2462
2029	CD 64 22 06 08 00 12 E0	2651
2030	CD 64 22 06 08 00 12 E0	2389
2031	CD 64 22 06 08 00 12 E0	2082
2032	CD 64 22 06 08 00 12 E0	2837
2033	CD 64 22 06 08 00 12 E0	2935
2034	CD 64 22 06 08 00 12 E0	3221
2035	CD 64 22 06 08 00 12 E0	3785
2036	CD 64 22 06 08 00 12 E0	1808
2037	CD 64 22 06 08 00 12 E0	1147
2038	CD 64 22 06 08 00 12 E0	1223
2039	CD 64 22 06 08 00 12 E0	1455
2040	CD 64 22 06 08 00 12 E0	1951
2041	CD 64 22 06 08 00 12 E0	2399
2042	CD 64 22 06 08 00 12 E0	2246
2043	CD 64 22 06 08 00 12 E0	1843
2044	CD 64 22 06 08 00 12 E0	2450
2045	CD 64 22 06 08 00 12 E0	2367
2046	CD 64 22 06 08 00 12 E0	2521
2047	CD 64 22 06 08 00 12 E0	2502
2048	CF 52 22 06 08 00 12 E0	444
2049	CF 52 22 06 08 00 12 E0	368
2050	CF 52 22 06 08 00 12 E0	317
2051	CF 63 31 06 09 00 12 E0	379
2052	CF 63 31 06 09 00 12 E0	345
2053	D0 52 22 06 08 00 12 E0	37450
2054	D0 61 31 06 09 00 12 E0	1771
2055	D0 61 31 06 09 00 12 E0	959
2056	D0 61 31 06 09 00 12 E0	2421
2057	D0 63 31 06 09 00 12 E0	402
2058	D0 63 31 06 09 00 12 E0	461
2059	D0 63 31 06 09 00 12 E0	568
2060	D0 63 31 06 09 00 12 E0	495
2061	D0 63 31 06 09 00 12 E0	518
2062	D0 63 31 06 09 00 12 E0	1570
2063	D0 63 31 06 09 00 12 E0	947
2064	D0 63 31 06 09 00 12 E0	1095
2065	D0 63 31 06 09 00 12 E0	1277
2066	D0 63 31 06 09 00 12 E0	1154
2067	D0 63 31 06 09 00 12 E0	697
2068	D0 63 31 06 09 00 12 E0	392
2069	D0 63 31 06 09 00 12 E0	1129
2070	D0 63 31 06 09 00 12 E0	418
2071	D0 63 31 06 09 00 12 E0	401
2072	D0 63 31 06 09 00 12 E0	715
2073	D0 63 31 06 09 00 12 E0	888
2074	D0 63 31 06 09 00 12 E0	1272
2075	D0 63 31 06 09 00 12 E0	1311
2076	D0 63 31 06 09 00 12 E0	2104
2077	D0 63 31 06 09 00 12 E0	757
2078	D0 63 31 06 09 00 12 E0	1001
2079	D0 63 31 06 09 00 12 E0	365
2080	D0 63 31 06 09 00 12 E0	1170
2081	D0 63 31 06 09 00 12 E0	496
2082	D0 63 31 06 09 00 12 E0	797
2083	D0 63 31 06 09 00 12 E0	1183
2084	D0 63 31 06 09 00 12 E0	978
2085	D0 63 31 06 09 00 12 E0	1361
2086	D0 63 31 06 09 00 12 E0	1498
2087	D0 63 31 06 09 00 12 E0	448
2088	D0 63 31 06 09 00 12 E0	1026
2089	D0 63 31 06 09 00 12 E0	945
2090	D0 63 31 06 09 00 12 E0	1554
2091	D0 63 31 06 09 00 12 E0	937
2092	D0 63 31 06 09 00 12 E0	324
2093	D0 63 31 06 09 00 12 E0	711
2094	D0 63 31 06 09 00 12 E0	766
2095	D0 63 31 06 09 00 12 E0	1120
2096	D0 63 31 06 09 00 12 E0	1651
2097	D0 63 31 06 09 00 12 E0	1063
2098	D0 63 31 06 09 00 12 E0	945
2099	D0 63 31 06 09 00 12 E0	1267
2100	D0 63 31 06 09 00 12 E0	349
2101	D0 63 31 06 09 00 12 E0	1020
2102	D0 63 31 06 09 00 12 E0	1205
2103	D0 63 31 06 09 00 12 E0	1588
2104	D0 63 31 06 09 00 12 E0	4547
2105	D0 63 31 06 09 00 12 E0	1728
2106	D0 63 31 06 09 00 12 E0	1969
2107	D0 63 31 06 09 00 12 E0	546
2108	D0 63 31 06 09 00 12 E0	1700
2109	D0 64 22 06 08 00 12 E0	1700
2110	D0 64 22 06 08 00 12 E0	5291
2111	D0 64 22 06 08 00 12 E0	5675
2112	D0 64 22 06 08 00 12 E0	482
2113	D0 64 22 06 08 00 12 E0	1264
2114	D0 64 22 06 08 00 12 E0	5391
2115	D0 64 22 06 08 00 12 E0	5563
2116	D0 64 22 06 08 00 12 E0	7174
2117	D0 64 22 06 08 00 12 E0	2186
2118	D0 64 22 06 08 00 12 E0	1218
2119	D0 64 22 06 08 00 12 E0	6219
2120	D0 64 22 06 08 00 12 E0	5887
2121	D0 64 22 06 08 00 12 E0	7538
2122	D0 64 22 06 08 00 12 E0	5490
2123	D0 64 22 06 08 00 12 E0	649
2124	D0 64 22 06 08 00 12 E0	656
2125	D0 64 22 06 08 00 12 E0	3683
2126	D0 64 22 06 08 00 12 E0	7876
2127	D0 64 22 06 08 00 12 E0	7645
2128	D0 64 22 06 08 00 12 E0	7456
2129	D0 64 22 06 08 00 12 E0	5766
2130	D0 64 22 06 08 00 12 E0	1452
2131	D0 64 22 06 08 00 12 E0	2030
2132	D0 64 22 06 08 00 12 E0	6169
2133	D0 64 22 06 08 00 12 E0	6408
2134	D0 64 22 06 08 00 12 E0	5152
2135	D0 64 22 06 08 00 12 E0	50583
2136	D0 64 22 06 08 00 12 E0	988
2137	D0 64 22 06 08 00 12 E0	9333
2138	D0 64 22 06 08 00 12 E0	1419
2139	D0 64 22 06 08 00 12 E0	2389
2140	D0 64 22 06 08 00 12 E0	4860
2141	D0 64 22 06 08 00 12 E0	3506
2142	D0 64 22 06 08 00 12 E0	1669
2143	D0 64 22 06 08 00 12 E0	1057
2144	D0 64 22 06 08 00 12 E0	1259
2145	D0 64 22 06 08 00 12 E0	2034
2146	D0 64 22 06 08 00 12 E0	5121
2147	D0 64 22 06 08 00 12 E0	9795
2148	D0 64 22 06 08 00 12 E0	7665
2149	D0 64 22 06 08 00 12 E0	994
2150	D0 64 22 06 08 00 12 E0	1429
2151	D0 64 22 06 08 00 12 E0	4259
2152	D0 64 22 06 08 00 12 E0	13892
2153	D0 64 22 06 08 00 12 E0	7885
2154	D0 64 22 06 08 00 12 E0	1532
2155	D0 64 22 06 08 00 12 E0	2010
2156	D0 64 22 06 08 00 12 E0	2000
2157	D0 64 22 06 08 00 12 E0	1793
2158	D0 64 22 06 08 00 12 E0	1408
2159	D0 64 22 06 08 00 12 E0	1367
2160	D0 64 22 06 08 00 12 E0	10948
2161	D0 64 22 06 08 00 12 E0	14297
2162	D0 64 22 06 08 00 12 E0	4603
2163	D0 64 22 06 08 00 12 E0	674
2164	D0 64 22 06 08 00 12 E0	9843
2165	D0 64 22 06 08 00 12 E0	12973
2166	D0 64 22 06 08 00 12 E0	6254
2167	D0 64 22 06 08 00 12 E0	9663
2168	D0 64 22 06 08 00 12 E0	3455
2169	D0 64 22 06 08 00 12 E0	4507
2170	D3 61 31 06 09 00 12 E0	887
2171	D3 61 31 06 09 00 12 E0	5586
2172	D3 61 31 06 09 00 12 E0	9948
2173	D3 61 31 06 09 00 12 E0	22076
2174	D3 61 31 06 09 00 12 E0	4060
2175	D3 63 31 06 09 00 12 E0	568
2176	D3 63 31 06 09 00 12 E0	1316
2177	D3 63 31 06 09 00 12 E0	510
2178	D3 63 31 06 09 00 12 E0	631
2179	D3 63 31 06 09 00 12 E0	597
2180	D3 63 31 06 09 00 12 E0	578
2181	D3 63 31 06 09 00 12 E0	633
2182	D3 63 31 06 09 00 12 E0	618
2183	D3 63 31 06 09 00 12 E0	642
2184	D3 63 31 06 09 00 12 E0	677
2185	D3 63 31 06 09 00 12 E0	662
2186	D3 63 31 06 09 00 12 E0	761
2187	D3 63 31 06 09 00 12 E0	735
2188	D3 63 31 06 09 00 12 E0	803
2189	D3 63 31 06 09 00 12 E0	924
2190	D3 63 31 06 09 00 12 E0	941
2191	D3 63 31 06 09 00 12 E0	1049
2192	D3 63 31 06 09 00 12 E0	769
2193	D3 63 31 06 09 00 12 E0	821
2194	D3 63 31 06 09 00 12 E0	868
2195	D3 63 31 06 09 00 12 E0	627
2196	D3 63 31 06 09 00 12 E0	584
2197	D3 63 31 06 09 00 12 E0	663
2198	D3 63 31 06 09 00 12 E0	723
2199	D3 63 31 06 09 00 12 E0	708
2200	D3 63 31 06 09 00 12 E0	903
2201	D3 63 31 06 09 00 12 E0	779
2202	D3 63 31 06 09 00 12 E0	807
2203	D3 63 31 06 09 00 12 E0	826
2204	D3 63 31 06 09 00 12 E0	841
2205	D3 63 31 06 09 00 12 E0	1142
2206	D3 63 31 06 09 00 12 E0	914
2207	D3 63 31 06 09 00 12 E0	757
2208	D3 63 31 06 09 00 12 E0	667
2209	D3 63 31 06 09 00 12 E0	586
2210	D3 63 31 06 09 00 12 E0	618
2211	D3 63 31 06 09 00 12 E0	631
2212	D3 63 31 06 09 00 12 E0	632
2213	D3 63 31 06 09 00 12 E0	738
2214	D3 63 31 06 09 00 12 E0	685
2215	D3 63 31 06 09 00 12 E0	726
2216	D3 63 31 06 09 00 12 E0	780
2217	D3 63 31 06 09 00 12 E0	1027
2218	D3 63 31 06 09 00 12 E0	975
2219	D3 63 31 06 09 00 12 E0	921
2220	D3 63 31 06 09 00 12 E0	710
2221	D3 63 31 06 09 00 12 E0	855
2222	D3 63 31 06 09 00 12 E0	864
2223	D3 63 31 06 09 00 12 E0	703
2224	D3 63 31 06 09 00 12 E0	689
2225	D3 63 31 06 09 00 12 E0	867
2226	D3 63 31 06 09 00 12 E0	638
2227	D3 63 31 06 09 00 12 E0	691
2228	D3 63 31 06 09 00 12 E0	735
2229	D3 63 31 06 09 00 12 E0	713
2230	D3 63 31 06 09 00 12 E0	496
2231	D3 63 31 06 09 00 12 E0	660
2232	D3 63 31 06 09 00 12 E0	615
2233	D3 63 31 06 09 00 12 E0	673
2234	D3 63 31 06 09 00 12 E0	710
2235	D3 63 31 06 09 00 12 E0	641
2236	D3 63 31 06 09 00 12 E0	868
2237	D3 63 31 06 09 00 12 E0	822
2238	D3 63 31 06 09 00 12 E0	987
2239	D3 63 31 06 09 00 12 E0	1042
2240	D3 63 31 06 09 00 12 E0	440
2241	D3 63 31 06 09 00 12 E0	487
2242	D3 63 31 06 09 00 12 E0	534
2243	D3 63 31 06 09 00 12 E0	735
2244	D3 63 31 06 09 00 12 E0	559
2245	D3 63 31 06 09 00 12 E0	559
2246	D3 63 31 06 09 00 12 E0	512
2247	D3 63 31 06 09 00 12 E0	536
2248	D3 63 31 06 09 00 12 E0	598
2249	D3 63 31 06 09 00 12 E0	540
2250	D3 63 31 06 09 00 12 E0	569
2251	D3 63 31 06 09 00 12 E0	572
2252	D3 63 31 06 09 00 12 E0	555
2253	D3 63 31 06 09 00 12 E0	710
2254	D3 63 31 06 09 00 12 E0	1171
2255	D3 63 31 06 09 00 12 E0	6012
2256	D3 63 31 06 09 00 12 E0	480
2257	D3 63 31 06 09 00 12 E0	864
2258	D3 63 31 06 09 00 12 E0	1433
2259	D3 63 31 06 09 00 12 E0	377
2260	D3 63 31 06 09 00 12 E0	490
2261	D4 61 31 06 09 00 12 E0	1276
2262	D4 61 31 06 09 00 12 E0	651
2263	D4 61 31 06 09 00 12 E0	438
2264	D4 61 31 06 09 00 12 E0	340
2265	D4 61 31 06 09 00 12 E0	894
2266	D4 61 31 06 09 00 12 E0	3465
2267	D5 64 22 06 08 00 12 E0	453
2268	D5 64 22 06 08 00 12 E0	2593
2269	D5 64 22 06 08 00 12 E0	1135
2270	D5 64 22 06 08 00 12 E0	1181
2271	D5 64 22 06 08 00 12 E0	449
2272	D5 64 22 06 08 00 12 E0	504
2273	D7 63 31 06 09 00 12 E0	358
2274	D7 63 31 06 09 00 12 E0	486
2275	D7 63 31 06 09 00 12 E0	2241
2276	D7 63 31 06 09 00 12 E0	476
2277	D7 63 31 06 09 00 12 E0	30752
2278	D7 63 31 06 09 00 12 E0	480
2279	D7 63 31 06 09 00 12 E0	740
2280	D7 63 31 06 09 00 12 E0	629
2281	D7 63 31 06 09 00 12 E0	700
2282	D7 63 31 06 09 00 12 E0	681
2283	D7 63 31 06 09 00 12 E0	1003
2284	D7 63 31 06 09 00 12 E0	344
2285	D7 63 31 06 09 00 12 E0	8569
2286	D7 63 31 06 09 00 12 E0	1297
2287	D8 63 31 06 09 00 12 E0	6113
2288	D8 63 31 06 09 00 12 E0	7079
2289	D9 53 31 06 09 00 12 E0	440
2290	D9 53 31 06 09 00 12 E0	323
2291	D9 53 31 06 09 00 12 E0	329
2292	D9 53 31 06 09 00 12 E0	890
2293	D9 53 31 06 09 00 12 E0	1925
2294	D9 53 31 06 09 00 12 E0	1381
2295	D9 53 31 06 09 00 12 E0	550
2296	D9 53 31 06 09 00 12 E0	375
2297	D9 53 31 06 09 00 12 E0	829
2298	D9 53 31 06 09 00 12 E0	536
2299	D9 53 31 06 09 00 12 E0	432
2300	D9 53 31 06 09 00 12 E0	610
2301	D9 53 31 06 09 00 12 E0	361
2302	D9 53 31 06 09 00 12 E0	3106
2303	D9 53 31 06 09 00 12 E0	1702
2304	D9 53 31 06 09 00 12 E0	11949
2305	D9 53 31 06 09 00 12 E0	7757
2306	D9 53 31 06 09 00 12 E0	9614
2307	D9 53 31 06 09 00 12 E0	2553
2308	D9 53 31 06 09 00 12 E0	1798
2309	D9 53 31 06 09 00 12 E0	7051
2310	D9 53 31 06 09 00 12 E0	5445
2311	D9 53 31 06 09 00 12 E0	4786
2312	D9 53 31 06 09 00 12 E0	7406
2313	D9 53 31 06 09 00 12 E0	5624
2314	D9 53 31 06 09 00 12 E0	7259
2315	D9 53 31 06 09 00 12 E0	2575
2316	D9 53 31 06 09 00 12 E0	2578
2317	D9 53 31 06 09 00 12 E0	4392
2318	D9 53 31 06 09 00 12 E0	7226
2319	D9 53 31 06 09 00 12 E0	5301
2320	D9 53 31 06 09 00 12 E0	7472
2321	D9 53 31 06 09 00 12 E0	2009
2322	D9 53 31 06 09 00 12 E0	5350
2323	D9 53 31 06 09 00 12 E0	2354
2324	D9 53 31 06 09 00 12 E0	8830
2325	D9 53 31 06 09 00 12 E0	3254
2326	D9 53 31 06 09 00 12 E0	4038
2327	D9 53 31 06 09 00 12 E0	2864
2328	D9 53 31 06 09 00 12 E0	6112
2329	D9 53 31 06 09 00 12 E0	5469
2330	D9 53 31 06 09 00 12 E0	8117
2331	D9 53 31 06 09 00 12 E0	1268
2332	D9 53 31 06 09 00 12 E0	5562
2333	D9 53 31 06 09 00 12 E0	7182
2334	D9 53 31 06 09 00 12 E0	6143
2335	D9 53 31 06 09 00 12 E0	6020
2336	D9 53 31 06 09 00 12 E0	7161
2337	D9 53 31 06 09 00 12 E0	3365
2338	D9 53 31 06 09 00 12 E0	7037
2339	D9 53 31 06 09 00 12 E0	7906
2340	D9 53 31 06 09 00 12 E0	5205
2341	D9 53 31 06 09 00 12 E0	2672
2342	D9 53 31 06 09 00 12 E0	6602
2343	D9 53 31 06 09 00 12 E0	6254
2344	D9 53 31 06 09 00 12 E0	7931
2345	D9 53 31 06 09 00 12 E0	6542
2346	D9 53 31 06 09 00 12 E0	2131
2347	D9 53 31 06 09 00 12 E0	2710
2348	D9 53 31 06 09 00 12 E0	6771
2349	D9 53 31 06 09 00 12 E0	4182
2350	D9 53 31 06 09 00 12 E0	5180
2351	D9 53 31 06 09 00 12 E0	4633
2352	D9 53 31 06 09 00 12 E0	2720
2353	D9 53 31 06 09 00 12 E0	5454
2354	D9 53 31 06 09 00 12 E0	3667
2355	D9 53 31 06 09 00 12 E0	3374
2356	D9 53 31 06 09 00 12 E0	5007
2357	D9 53 31 06 09 00 12 E0	9372
2358	D9 53 31 06 09 00 12 E0	9366
2359	D9 53 31 06 09 00 12 E0	8911
2360	D9 53 31 06 09 00 12 E0	10462
2361	D9 53 31 06 09 00 12 E0	3860
2362	D9 63 31 06 09 00 12 E0	361
2363	D9 63 31 06 09 00 12 E0	448
2364	D9 63 31 06 09 00 12 E0	8694
2365	D9 63 31 06 09 00 12 E0	449
2366	D9 63 31 06 09 00 12 E0	7516
2367	D9 63 31 06 09 00 12 E0	10502
2368	D9 63 31 06 09 00 12 E0	1280
2369	D9 63 31 06 09 00 12 E0	777
2370	D9 63 31 06 09 00 12 E0	7954
2371	D9 63 31 06 09 00 12 E0	2634
2372	D9 63 31 06 09 00 12 E0	4235
2373	D9 63 31 06 09 00 12 E0	2151
2374	D9 63 31 06 09 00 12 E0	3180
2375	D9 63 31 06 09 00 12 E0	3357
2376	D9 63 31 06 09 00 12 E0	5510
2377	D9 63 31 06 09 00 12 E0	11279
2378	D9 63 31 06 09 00 12 E0	2989
2379	D9 63 31 06 09 00 12 E0	687
2380	D9 63 31 06 09 00 12 E0	931
2381	D9 63 31 06 09 00 12 E0	10426
2382	D9 63 31 06 09 00 12 E0	12009
2383	D9 63 31 06 09 00 12 E0	708
2384	D9 63 31 06 09 00 12 E0	1189
2385	D9 63 31 06 09 00 12 E0	1876
2386	D9 63 31 06 09 00 12 E0	2296
2387	D9 63 31 06 09 00 12 E0	12248
2388	D9 63 31 06 09 00 12 E0	1147
2389	D9 63 31 06 09 00 12 E0	1360
2390	D9 63 31 06 09 00 12 E0	1685
2391	D9 63 31 06 09 00 12 E0	1127
2392	D9 63 31 06 09 00 12 E0	1571
2393	D9 63 31 06 09 00 12 E0	1866
2394	D9 63 31 06 09 00 12 E0	2351
2395	D9 63 31 06 09 00 12 E0	827
2396	D9 63 31 06 09 00 12 E0	1416
2397	D9 63 31 06 09 00 12 E0	1392
2398	D9 63 31 06 09 00 12 E0	1204
2399	D9 63 31 06 09 00 12 E0	1294
2400	D9 63 31 06 09 00 12 E0	1742
2401	D9 63 31 06 09 00 12 E0	2983
2402	D9 63 31 06 09 00 12 E0	1811
2403	D9 63 31 06 09 00 12 E0	1321
2404	D9 63 31 06 09 00 12 E0	1125
2405	D9 63 31 06 09 00 12 E0	972
2406	D9 63 31 06 09 00 12 E0	1030
2407	D9 63 31 06 09 00 12 E0	1126
2408	D9 63 31 06 09 00 12 E0	1207
2409	D9 63 31 06 09 00 12 E0	1215
2410	D9 63 31 06 09 00 12 E0	2661
2411	D9 63 31 06 09 00 12 E0	4162
2412	D9 63 31 06 09 00 12 E0	1167
2413	D9 63 31 06 09 00 12 E0	898
2414	D9 63 31 06 09 00 12 E0	875
2415	D9 63 31 06 09 00 12 E0	735
2416	D9 63 31 06 09 00 12 E0	765
2417	D9 63 31 06 09 00 12 E0	785
2418	D9 63 31 06 09 00 12 E0	986
2419	D9 63 31 06 09 00 12 E0	1656
2420	D9 63 31 06 09 00 12 E0	2038
2421	D9 63 31 06 09 00 12 E0	3029
2422	D9 63 31 06 09 00 12 E0	1938
2423	D9 63 31 06 09 00 12 E0	1611
2424	D9 63 31 06 09 00 12 E0	897
2425	D9 63 31 06 09 00 12 E0	679
2426	D9 63 31 06 09 00 12 E0	1138
2427	D9 63 31 06 09 00 12 E0	1439
2428	D9 63 31 06 09 00 12 E0	4005
2429	D9 63 31 06 09 00 12 E0	1172
2430	D9 63 31 06 09 00 12 E0	856
2431	D9 63 31 06 09 00 12 E0	647
2432	D9 63 31 06 09 00 12 E0	831
2433	D9 63 31 06 09 00 12 E0	1046
2434	D9 63 31 06 09 00 12 E0	1724
2435	D9 63 31 06 09 00 12 E0	2438
2436	D9 63 31 06 09 00 12 E0	8284
2437	D9 63 31 06 09 00 12 E0	11296
2438	D9 63 31 06 09 00 12 E0	7276
2439	D9 63 31 06 09 00 12 E0	1498
2440	D9 63 31 06 09 00 12 E0	1661
2441	D9 63 31 06 09 00 12 E0	9294
2442	D9 63 31 06 09 00 12 E0	14410
2443	D9 63 31 06 09 00 12 E0	7527
2444	D9 63 31 06 09 00 12 E0	4926
2445	D9 63 31 06 09 00 12 E0	3774
2446	D9 63 31 06 09 00 12 E0	7940
2447	D9 63 31 06 09 00 12 E0	11098
2448	DA 63 31 06 09 00 12 E0	453
2449	DA 63 31 06 09 00 12 E0	690
2450	DA 63 31 06 09 00 12 E0	6098
2451	DA 63 31 06 09 00 12 E0	1704
2452	DA 63 31 06 09 00 12 E0	356
2453	DA 63 31 06 09 00 12 E0	5034
2454	DA 63 31 06 09 00 12 E0	6223
2455	DA 63 31 06 09 00 12 E0	4470
2456	DA 63 31 06 09 00 12 E0	3610
2457	DA 63 31 06 09 00 12 E0	4246
2458	DA 63 31 06 09 00 12 E0	4934
2459	DA 63 31 06 09 00 12 E0	6094
2460	DA 63 31 06 09 00 12 E0	916
2461	DA 63 31 06 09 00 12 E0	905
2462	DA 63 31 06 09 00 12 E0	5777
2463	DA 63 31 06 09 00 12 E0	2638
2464	DA 63 31 06 09 00 12 E0	923
2465	DB 63 31 06 09 00 12 E0	707
2466	DB 66 22 06 08 00 12 E0	6269
2467	DC 53 31 06 09 00 12 E0	7917
2468	DC 53 31 06 09 00 12 E0	8317
2469	DC 53 31 06 09 00 12 E0	9536
2470	DC 53 31 06 09 00 12 E0	708
2471	DC 53 31 06 09 00 12 E0	808
2472	DC 53 31 06 09 00 12 E0	419
2473	DD 53 31 06 09 00 12 E0	368
2474	DD 53 31 06 09 00 12 E0	789
2475	DD 53 31 06 09 00 12 E0	5159
2476	DD 53 31 06 09 00 12 E0	489
2477	DD 53 31 06 09 00 12 E0	5559
2478	DD 53 31 06 09 00 12 E0	3392
2479	DD 53 31 06 09 00 12 E0	4448
2480	DD 53 31 06 09 00 12 E0	6023
2481	DD 53 31 06 09 00 12 E0	5397
2482	DD 53 31 06 09 00 12 E0	4535
2483	DD 53 31 06 09 00 12 E0	4357
2484	DD 53 31 06 09 00 12 E0	6399
2485	DD 53 31 06 09 00 12 E0	6496
2486	DD 53 31 06 09 00 12 E0	5852
2487	DD 53 31 06 09 00 12 E0	5223
2488	DD 53 31 06 09 00 12 E0	5029
2489	DD 53 31 06 09 00 12 E0	5700
2490	DD 53 31 06 09 00 12 E0	5606
2491	DD 53 31 06 09 00 12 E0	4272
2492	DD 53 31 06 09 00 12 E0	4042
2493	DD 53 31 06 09 00 12 E0	3705
2494	DD 53 31 06 09 00 12 E0	4249
2495	DD 53 31 06 09 00 12 E0	4775
2496	DD 53 31 06 09 00 12 E0	5629
2497	DD 53 31 06 09 00 12 E0	4440
2498	DD 53 31 06 09 00 12 E0	3869
2499	DF 53 31 06 09 00 12 E0	8021
2500	DF 53 31 06 09 00 12 E0	3595
2501	DF 53 31 06 09 00 12 E0	12363
2502	DF 63 31 06 09 00 12 E0	450
2503	DF 63 31 06 09 00 12 E0	11028
2504	DF 63 31 06 09 00 12 E0	853
2505	E0 53 31 06 09 00 12 E0	375
2506	E0 53 31 06 09 00 12 E0	1410
2507	E0 53 31 06 09 00 12 E0	760
2508	E0 53 31 06 09 00 12 E0	1529
2509	E0 53 31 06 09 00 12 E0	1270
2510	E1 53 31 06 09 00 12 E0	842
2511	E1 53 31 06 09 00 12 E0	422
2512	E1 53 31 06 09 00 12 E0	974
2513	E1 53 31 06 09 00 12 E0	6591
2514	E1 53 31 06 09 00 12 E0	2191
2515	E1 53 31 06 09 00 12 E0	12485
2516	E1 53 31 06 09 00 12 E0	585
2517	E1 53 31 06 09 00 12 E0	12420
2518	E1 53 31 06 09 00 12 E0	16234
2519	E1 53 31 06 09 00 12 E0	4344
2520	E1 53 31 06 09 00 12 E0	9090
2521	E1 53 31 06 09 00 12 E0	10967
2522	E1 53 31 06 09 00 12 E0	11549
2523	E1 53 31 06 09 00 12 E0	7508
2524	E1 53 31 06 09 00 12 E0	8553
2525	E1 53 31 06 09 00 12 E0	8590
2526	E1 53 31 06 09 00 12 E0	10964
2527	E1 53 31 06 09 00 12 E0	13275
2528	E1 53 31 06 09 00 12 E0	18962
2529	E1 53 31 06 09 00 12 E0	10030
2530	E1 53 31 06 09 00 12 E0	12203
2531	E1 53 31 06 09 00 12 E0	12362
2532	E1 53 31 06 09 00 12 E0	15790
2533	E1 53 31 06 09 00 12 E0	15002
2534	E1 53 31 06 09 00 12 E0	6080
2535	E1 53 31 06 09 00 12 E0	9009
2536	E1 53 31 06 09 00 12 E0	7443
2537	E1 53 31 06 09 00 12 E0	7914
2538	E1 53 31 06 09 00 12 E0	9698
2539	E1 53 31 06 09 00 12 E0	8505
2540	E1 53 31 06 09 00 12 E0	9549
2541	E1 53 31 06 09 00 12 E0	9156
2542	E1 53 31 06 09 00 12 E0	11531
2543	E1 63 31 06 09 00 12 E0	52188
2544	E1 63 31 06 09 00 12 E0	946
2545	E1 63 31 06 09 00 12 E0	5777
2546	E1 63 31 06 09 00 12 E0	2156
2547	E1 63 31 06 09 00 12 E0	5426
2548	E1 63 31 06 09 00 12 E0	1531
2549	E1 63 31 06 09 00 12 E0	1496
2550	E1 63 31 06 09 00 12 E0	1550
2551	E1 63 31 06 09 00 12 E0	1223
2552	E1 63 31 06 09 00 12 E0	2692
2553	E1 63 31 06 09 00 12 E0	3880
2554	E1 63 31 06 09 00 12 E0	2596
2555	E1 63 31 06 09 00 12 E0	5281
2556	E1 63 31 06 09 00 12 E0	3504
2557	E1 63 31 06 09 00 12 E0	7370
2558	E1 63 31 06 09 00 12 E0	482
2559	E1 63 31 06 09 00 12 E0	905
2560	E1 63 31 06 09 00 12 E0	929
2561	E1 63 31 06 09 00 12 E0	7895
2562	E1 63 31 06 09 00 12 E0	7200
2563	E1 63 31 06 09 00 12 E0	1627
2564	E1 63 31 06 09 00 12 E0	2534
2565	E1 63 31 06 09 00 12 E0	7044
2566	E1 63 31 06 09 00 12 E0	5370
2567	E1 63 31 06 09 00 12 E0	7859
2568	E1 63 31 06 09 00 12 E0	5987
2569	E1 63 31 06 09 00 12 E0	6292
2570	E1 63 31 06 09 00 12 E0	7794
2571	E1 63 31 06 09 00 12 E0	7644
2572	E1 63 31 06 09 00 12 E0	4951
2573	E1 63 31 06 09 00 12 E0	3692
2574	E1 63 31 06 09 00 12 E0	663
2575	E1 63 31 06 09 00 12 E0	3886
2576	E1 63 31 06 09 00 12 E0	1232
2577	E1 63 31 06 09 00 12 E0	3576
2578	E1 63 31 06 09 00 12 E0	7245
2579	E1 63 31 06 09 00 12 E0	592
2580	E1 63 31 06 09 00 12 E0	6533
2581	E1 63 31 06 09 00 12 E0	5196
2582	E1 63 31 06 09 00 12 E0	4967
2583	E1 63 31 06 09 00 12 E0	6252
2584	E1 63 31 06 09 00 12 E0	6900
2585	E1 63 31 06 09 00 12 E0	6331
2586	E1 63 31 06 09 00 12 E0	7391
2587	E1 63 31 06 09 00 12 E0	7680
2588	E1 63 31 06 09 00 12 E0	6277
2589	E1 63 31 06 09 00 12 E0	7336
2590	E1 63 31 06 09 00 12 E0	7013
2591	E1 63 31 06 09 00 12 E0	6974
2592	E1 63 31 06 09 00 12 E0	3502
2593	E1 63 31 06 09 00 12 E0	907
2594	E1 63 31 06 09 00 12 E0	2479
2595	E1 63 31 06 09 00 12 E0	10749
2596	E1 63 31 06 09 00 12 E0	7915
2597	E1 63 31 06 09 00 12 E0	5936
2598	E1 63 31 06 09 00 12 E0	7198
2599	E1 63 31 06 09 00 12 E0	3716
2600	E1 63 31 06 09 00 12 E0	7785
2601	E1 63 31 06 09 00 12 E0	15702
2602	E1 63 31 06 09 00 12 E0	12971
2603	E2 63 31 06 09 00 12 E0	399
2604	E2 63 31 06 09 00 12 E0	410
2605	E2 63 31 06 09 00 12 E0	593
2606	E2 63 31 06 09 00 12 E0	930
2607	E2 63 31 06 09 00 12 E0	6187
2608	E2 66 22 06 08 00 12 E0	1652
2609	E2 66 22 06 08 00 12 E0	540
2610	E2 66 22 06 08 00 12 E0	3974
2611	E2 66 22 06 08 00 12 E0	5314
2612	E2 66 22 06 08 00 12 E0	3684
2613	E2 66 22 06 08 00 12 E0	5187
2614	E2 66 22 06 08 00 12 E0	1462
2615	E2 66 22 06 08 00 12 E0	4999
2616	E2 66 22 06 08 00 12 E0	4665
2617	E2 66 22 06 08 00 12 E0	4188
2618	E2 66 22 06 08 00 12 E0	4122
2619	E2 66 22 06 08 00 12 E0	601
2620	E2 66 22 06 08 00 12 E0	7261
2621	E2 66 22 06 08 00 12 E0	3982
2622	E3 63 31 06 09 00 12 E0	609
2623	E3 63 31 06 09 00 12 E0	368
2624	E3 63 31 06 09 00 12 E0	1043
2625	E3 63 31 06 09 00 12 E0	470
2626	E3 63 31 06 09 00 12 E0	626
2627	E3 63 31 06 09 00 12 E0	888
2628	E3 63 31 06 09 00 12 E0	1311
2629	E3 63 31 06 09 00 12 E0	911
2630	E3 63 31 06 09 00 12 E0	1329
2631	E3 63 31 06 09 00 12 E0	1147
2632	E5 53 31 06 09 00 12 E0	462
2633	E5 53 31 06 09 00 12 E0	344
2634	E6 49 31 06 09 00 12 E0	354
2635	E6 49 31 06 09 00 12 E0	575
2636	E6 49 31 06 09 00 12 E0	4331
2637	E6 49 31 06 09 00 12 E0	3922
2638	E6 49 31 06 09 00 12 E0	618
2639	E6 49 31 06 09 00 12 E0	467
2640	E6 49 31 06 09 00 12 E0	1695
2641	E6 49 31 06 09 00 12 E0	643
2642	E6 49 31 06 09 00 12 E0	2095
2643	E6 49 31 06 09 00 12 E0	1411
2644	E6 49 31 06 09 00 12 E0	2209
2645	E6 49 31 06 09 00 12 E0	3185
2646	E6 49 31 06 09 00 12 E0	2723
2647	E6 49 31 06 09 00 12 E0	1259
2648	E6 49 31 06 09 00 12 E0	772
2649	E6 49 31 06 09 00 12 E0	1154
2650	E6 49 31 06 09 00 12 E0	365
2651	E6 49 31 06 09 00 12 E0	860
2652	E6 49 31 06 09 00 12 E0	509
2653	E6 49 31 06 09 00 12 E0	538
2654	E6 49 31 06 09 00 12 E0	656
2655	E6 49 31 06 09 00 12 E0	3296
2656	E6 49 31 06 09 00 12 E0	3116
2657	E6 49 31 06 09 00 12 E0	2937
2658	E6 49 31 06 09 00 12 E0	3310
2659	E6 49 31 06 09 00 12 E0	2992
2660	E6 49 31 06 09 00 12 E0	2799
2661	E6 49 31 06 09 00 12 E0	2966
2662	E6 49 31 06 09 00 12 E0	9555
2663	E6 49 31 06 09 00 12 E0	6715
2664	E6 49 31 06 09 00 12 E0	4594
2665	E6 49 31 06 09 00 12 E0	5095
2666	E6 49 31 06 09 00 12 E0	4489
2667	E6 49 31 06 09 00 12 E0	5461
2668	E6 49 31 06 09 00 12 E0	6815
2669	E6 49 31 06 09 00 12 E0	6888
2670	E6 49 31 06 09 00 12 E0	701
2671	E6 49 31 06 09 00 12 E0	3547
2672	E6 49 31 06 09 00 12 E0	3141
2673	E6 49 31 06 09 00 12 E0	3331
2674	E6 49 31 06 09 00 12 E0	11382
2675	E6 49 31 06 09 00 12 E0	5049
2676	E6 49 31 06 09 00 12 E0	6262
2677	E6 49 31 06 09 00 12 E0	510
2678	E6 49 31 06 09 00 12 E0	4169
2679	E6 49 31 06 09 00 12 E0	3092
2680	E6 49 31 06 09 00 12 E0	2744
2681	E6 49 31 06 09 00 12 E0	3279
2682	E6 49 31 06 09 00 12 E0	2817
2683	E6 49 31 06 09 00 12 E0	3257
2684	E6 49 31 06 09 00 12 E0	3321
2685	E6 49 31 06 09 00 12 E0	2418
2686	E6 49 31 06 09 00 12 E0	7191
2687	E6 49 31 06 09 00 12 E0	3495
2688	E6 49 31 06 09 00 12 E0	2937
2689	E6 49 31 06 09 00 12 E0	2674
2690	E6 49 31 06 09 00 12 E0	2776
2691	E6 49 31 06 09 00 12 E0	2863
2692	E6 49 31 06 09 00 12 E0	4137
2693	E7 53 31 06 09 00 12 E0	1695
2694	E7 63 31 06 09 00 12 E0	4385
2695	E7 63 31 06 09 00 12 E0	396
2696	E7 63 31 06 09 00 12 E0	1656
2697	E7 66 22 06 08 00 12 E0	3241
2698	E7 66 22 06 08 00 12 E0	57423
2699	E7 66 22 06 08 00 12 E0	804
2700	E7 66 22 06 08 00 12 E0	5712
2701	E7 66 22 06 08 00 12 E0	2086
2702	E7 66 22 06 08 00 12 E0	2805
2703	E7 66 22 06 08 00 12 E0	6851
2704	E7 66 22 06 08 00 12 E0	6341
2705	E7 66 22 06 08 00 12 E0	8879
2706	E7 66 22 06 08 00 12 E0	4960
2707	E7 66 22 06 08 00 12 E0	761
2708	E7 66 22 06 08 00 12 E0	3544
2709	E7 66 22 06 08 00 12 E0	7442
2710	E7 66 22 06 08 00 12 E0	2012
2711	E7 66 22 06 08 00 12 E0	15412
2712	E7 66 22 06 08 00 12 E0	452
2713	E8 53 31 06 09 00 12 E0	1166
2714	E8 53 31 06 09 00 12 E0	641
2715	E8 53 31 06 09 00 12 E0	840
2716	E8 53 31 06 09 00 12 E0	2330
2717	E8 53 31 06 09 00 12 E0	1766
2718	E8 53 31 06 09 00 12 E0	2917
2719	E8 53 31 06 09 00 12 E0	468
2720	E8 53 31 06 09 00 12 E0	689
2721	E8 53 31 06 09 00 12 E0	1812
2722	E8 53 31 06 09 00 12 E0	4409
2723	E8 53 31 06 09 00 12 E0	2065
2724	E8 53 31 06 09 00 12 E0	1872
2725	E8 53 31 06 09 00 12 E0	11896
2726	E8 53 31 06 09 00 12 E0	2105
2727	E8 63 31 06 09 00 12 E0	388
2728	E8 63 31 06 09 00 12 E0	363
2729	E8 63 31 06 09 00 12 E0	581
2730	E8 63 31 06 09 00 12 E0	6567
2731	E8 63 31 06 09 00 12 E0	389
2732	E8 63 31 06 09 00 12 E0	1071
2733	E8 63 31 06 09 00 12 E0	385
2734	E8 63 31 06 09 00 12 E0	322
2735	E8 63 31 06 09 00 12 E0	862
2736	E8 63 31 06 09 00 12 E0	3713
2737	E8 63 31 06 09 00 12 E0	1280
2738	E8 63 31 06 09 00 12 E0	911
2739	E8 63 31 06 09 00 12 E0	1022
2740	E8 63 31 06 09 00 12 E0	1593
2741	E8 63 31 06 09 00 12 E0	1471
2742	E8 63 31 06 09 00 12 E0	1066
2743	E8 63 31 06 09 00 12 E0	7713
2744	E8 63 31 06 09 00 12 E0	1231
2745	E8 63 31 06 09 00 12 E0	855
2746	E8 63 31 06 09 00 12 E0	433
2747	E8 63 31 06 09 00 12 E0	1278
2748	E8 63 31 06 09 00 12 E0	1382
2749	E8 63 31 06 09 00 12 E0	1094
2750	E8 63 31 06 09 00 12 E0	656
2751	E8 63 31 06 09 00 12 E0	820
2752	E9 53 31 06 09 00 12 E0	675
2753	E9 53 31 06 09 00 12 E0	578
2754	E9 53 31 06 09 00 12 E0	364
2755	E9 53 31 06 09 00 12 E0	569
2756	E9 53 31 06 09 00 12 E0	2334
2757	E9 53 31 06 09 00 12 E0	1789
2758	E9 53 31 06 09 00 12 E0	977
2759	E9 53 31 06 09 00 12 E0	586
2760	EA 53 31 06 09 00 12 E0	453
2761	EA 53 31 06 09 00 12 E0	65924
2762	EA 53 31 06 09 00 12 E0	5870
2763	EA 53 31 06 09 00 12 E0	6300
2764	EA 53 31 06 09 00 12 E0	7707
2765	EA 53 31 06 09 00 12 E0	7570
2766	EA 53 31 06 09 00 12 E0	7731
2767	EA 53 31 06 09 00 12 E0	11896
2768	EA 53 31 06 09 00 12 E0	907
2769	EA 53 31 06 09 00 12 E0	8638
2770	EA 53 31 06 09 00 12 E0	18407
2771	EA 53 31 06 09 00 12 E0	15117
2772	EA 53 31 06 09 00 12 E0	13769
2773	EA 53 31 06 09 00 12 E0	8503
2774	EA 53 31 06 09 00 12 E0	8869
2775	EA 63 31 06 09 00 12 E0	1068
2776	EA 63 31 06 09 00 12 E0	383
2777	EA 63 31 06 09 00 12 E0	395
2778	EB 63 31 06 09 00 12 E0	600
2779	EB 63 31 06 09 00 12 E0	582
2780	EB 63 31 06 09 00 12 E0	768
2781	EB 63 31 06 09 00 12 E0	338
2782	EB 63 31 06 09 00 12 E0	406
2783	EB 63 31 06 09 00 12 E0	336
2784	EB 63 31 06 09 00 12 E0	329
2785	EB 63 31 06 09 00 12 E0	520
2786	EB 63 31 06 09 00 12 E0	1055
2787	EB 63 31 06 09 00 12 E0	465
2788	EB 63 31 06 09 00 12 E0	1725
2789	EB 63 31 06 09 00 12 E0	3220
2790	EC 53 31 06 09 00 12 E0	474
2791	EC 53 31 06 09 00 12 E0	73567
2792	EC 63 31 06 09 00 12 E0	333
2793	EC 63 31 06 09 00 12 E0	612
2794	EC 63 31 06 09 00 12 E0	337
2795	EC 63 31 06 09 00 12 E0	1976
2796	EC 63 31 06 09 00 12 E0	5264
2797	EC 63 31 06 09 00 12 E0	6023
2798	EC 63 31 06 09 00 12 E0	1563
2799	ED 63 31 06 09 00 12 E0	49068
2800	EE 53 31 06 09 00 12 E0	740
2801	EE 53 31 06 09 00 12 E0	868
2802	EE 53 31 06 09 00 12 E0	1149
2803	EE 53 31 06 09 00 12 E0	628
2804	EE 53 31 06 09 00 12 E0	1691
2805	EE 53 31 06 09 00 12 E0	2262
2806	EE 53 31 06 09 00 12 E0	918
2807	EF 53 31 06 09 00 12 E0	18219
2808	EF 53 31 06 09 00 12 E0	528
2809	EF 53 31 06 09 00 12 E0	576
2810	EF 63 31 06 09 00 12 E0	380
2811	EF 63 31 06 09 00 12 E0	907
2812	EF 63 31 06 09 00 12 E0	1861
2813	EF 63 31 06 09 00 12 E0	1107
2814	EF 63 31 06 09 00 12 E0	1946
2815	EF 63 31 06 09 00 12 E0	728
2816	EF 63 31 06 09 00 12 E0	5040
2817	EF 63 31 06 09 00 12 E0	7260
2818	EF 63 31 06 09 00 12 E0	8292
2819	EF 63 31 06 09 00 12 E0	6586
2820	EF 63 31 06 09 00 12 E0	3469
2821	F0 53 31 06 09 00 12 E0	322
2822	F0 53 31 06 09 00 12 E0	329
2823	F0 53 31 06 09 00 12 E0	485
2824	F0 53 31 06 09 00 12 E0	394
2825	F0 53 31 06 09 00 12 E0	10890
2826	F0 53 31 06 09 00 12 E0	816
2827	F0 53 31 06 09 00 12 E0	627
2828	F0 53 31 06 09 00 12 E0	814
2829	F0 53 31 06 09 00 12 E0	1289
2830	F0 53 31 06 09 00 12 E0	989
2831	F0 53 31 06 09 00 12 E0	8405
2832	F0 53 31 06 09 00 12 E0	6320
2833	F0 53 31 06 09 00 12 E0	2684
2834	F0 53 31 06 09 00 12 E0	2234
2835	F0 53 31 06 09 00 12 E0	2771
2836	F0 53 31 06 09 00 12 E0	4004
2837	F0 53 31 06 09 00 12 E0	4526
2838	F0 53 31 06 09 00 12 E0	1548
2839	F0 53 31 06 09 00 12 E0	1115
2840	F0 53 31 06 09 00 12 E0	17815
2841	F0 53 31 06 09 00 12 E0	6490
2842	F0 53 31 06 09 00 12 E0	3129
2843	F0 53 31 06 09 00 12 E0	9730
2844	F2 49 31 06 09 00 12 E0	2130
2845	F2 49 31 06 09 00 12 E0	5532
2846	F2 49 31 06 09 00 12 E0	4664
2847	F2 49 31 06 09 00 12 E0	5164
2848	F2 49 31 06 09 00 12 E0	4056
2849	F2 49 31 06 09 00 12 E0	1913
2850	F2 49 31 06 09 00 12 E0	2496
2851	F2 49 31 06 09 00 12 E0	2721
2852	F2 49 31 06 09 00 12 E0	5972
2853	F2 49 31 06 09 00 12 E0	5195
2854	F2 49 31 06 09 00 12 E0	3747
2855	F2 49 31 06 09 00 12 E0	5449
2856	F2 49 31 06 09 00 12 E0	5760
2857	F2 49 31 06 09 00 12 E0	5122
2858	F2 49 31 06 09 00 12 E0	7382
2859	F2 49 31 06 09 00 12 E0	6687
2860	F2 49 31 06 09 00 12 E0	7802
2861	F2 49 31 06 09 00 12 E0	4820
2862	F2 49 31 06 09 00 12 E0	5911
2863	F2 49 31 06 09 00 12 E0	4578
2864	F2 49 31 06 09 00 12 E0	5126
2865	F2 49 31 06 09 00 12 E0	6789
2866	F2 49 31 06 09 00 12 E0	5587
2867	F2 49 31 06 09 00 12 E0	4720
2868	F2 49 31 06 09 00 12 E0	7544
2869	F2 49 31 06 09 00 12 E0	7811
2870	F2 49 31 06 09 00 12 E0	5460
2871	F2 49 31 06 09 00 12 E0	7750
2872	F2 49 31 06 09 00 12 E0	7838
2873	F2 49 31 06 09 00 12 E0	4839
2874	F3 53 31 06 09 00 12 E0	560
2875	F3 53 31 06 09 00 12 E0	395
2876	F3 53 31 06 09 00 12 E0	328
2877	F3 53 31 06 09 00 12 E0	6182
2878	F3 53 31 06 09 00 12 E0	6285
2879	F3 53 31 06 09 00 12 E0	4086
2880	F3 53 31 06 09 00 12 E0	3108
2881	F3 53 31 06 09 00 12 E0	6571
2882	F3 53 31 06 09 00 12 E0	8916
2883	F3 53 31 06 09 00 12 E0	6727
2884	F3 53 31 06 09 00 12 E0	7063
2885	F3 53 31 06 09 00 12 E0	7028
2886	F3 53 31 06 09 00 12 E0	7362
2887	F3 53 31 06 09 00 12 E0	6297
2888	F3 53 31 06 09 00 12 E0	953
2889	F3 53 31 06 09 00 12 E0	7203
2890	F3 53 31 06 09 00 12 E0	1966
2891	F3 53 31 06 09 00 12 E0	9814
2892	F3 53 31 06 09 00 12 E0	9646
2893	F3 53 31 06 09 00 12 E0	5628
2894	F3 53 31 06 09 00 12 E0	37261
2895	F3 53 31 06 09 00 12 E0	6529
2896	F3 53 31 06 09 00 12 E0	3297
2897	F3 53 31 06 09 00 12 E0	13847
2898	F6 49 31 06 09 00 12 E0	1450
2899	F6 49 31 06 09 00 12 E0	1429
2900	F6 49 31 06 09 00 12 E0	458
2901	F6 49 31 06 09 00 12 E0	409
2902	F6 49 31 06 09 00 12 E0	5948
2903	F6 49 31 06 09 00 12 E0	357
2904	F6 49 31 06 09 00 12 E0	1503
2905	F6 49 31 06 09 00 12 E0	548
2906	F6 49 31 06 09 00 12 E0	3008
2907	F6 49 31 06 09 00 12 E0	741
2908	F6 49 31 06 09 00 12 E0	2373
2909	F6 49 31 06 09 00 12 E0	703
2910	F6 49 31 06 09 00 12 E0	1008
2911	F6 49 31 06 09 00 12 E0	648
2912	F6 49 31 06 09 00 12 E0	871
2913	F6 49 31 06 09 00 12 E0	1449
2914	F6 49 31 06 09 00 12 E0	2105
2915	F6 49 31 06 09 00 12 E0	5516
2916	F6 49 31 06 09 00 12 E0	2301
2917	F6 49 31 06 09 00 12 E0	4478
2918	F6 49 31 06 09 00 12 E0	4683
2919	F6 49 31 06 09 00 12 E0	4967
2920	F6 49 31 06 09 00 12 E0	4728
2921	F6 49 31 06 09 00 12 E0	1199
2922	F6 49 31 06 09 00 12 E0	311
2923	F6 49 31 06 09 00 12 E0	6382
2924	F8 49 31 06 09 00 12 E0	363
2925	F8 49 31 06 09 00 12 E0	369
2926	F8 49 31 06 09 00 12 E0	380
2927	F8 49 31 06 09 00 12 E0	602
2928	F8 49 31 06 09 00 12 E0	328
2929	F8 49 31 06 09 00 12 E0	433
2930	F9 49 31 06 09 00 12 E0	393
2931	F9 49 31 06 09 00 12 E0	3908
2932	F9 49 31 06 09 00 12 E0	4631
2933	F9 49 31 06 09 00 12 E0	1044
2934	F9 49 31 06 09 00 12 E0	314
2935	F9 49 31 06 09 00 12 E0	623
2936	F9 49 31 06 09 00 12 E0	7133
2937	F9 49 31 06 09 00 12 E0	2366
2938	F9 49 31 06 09 00 12 E0	14927
2939	F9 49 31 06 09 00 12 E0	5250
2940	F9 49 31 06 09 00 12 E0	10331
2941	F9 49 31 06 09 00 12 E0	40457
2942	F9 49 31 06 09 00 12 E0	1310
2943	F9 49 31 06 09 00 12 E0	15828
2944	F9 49 31 06 09 00 12 E0	5510
2945	F9 49 31 06 09 00 12 E0	5027
2946	F9 49 31 06 09 00 12 E0	46721
2947	F9 49 31 06 09 00 12 E0	1206
2948	F9 49 31 06 09 00 12 E0	12213
2949	F9 49 31 06 09 00 12 E0	1470
2950	F9 49 31 06 09 00 12 E0	19246
2951	F9 49 31 06 09 00 12 E0	2384
2952	F9 49 31 06 09 00 12 E0	16990
2953	F9 49 31 06 09 00 12 E0	11736
2954	F9 49 31 06 09 00 12 E0	3015
2955	F9 49 31 06 09 00 12 E0	25540
2956	FB 63 31 06 09 00 12 E0	335
2957	FB 63 31 06 09 00 12 E0	468
2958	FB 63 31 06 09 00 12 E0	499
2959	FB 63 31 06 09 00 12 E0	869
2960	FB 63 31 06 09 00 12 E0	563
2961	FB 63 31 06 09 00 12 E0	948
2962	FB 63 31 06 09 00 12 E0	1019
2963	FB 63 31 06 09 00 12 E0	808
2964	FB 63 31 06 09 00 12 E0	1606
2965	FB 63 31 06 09 00 12 E0	5397
2966	FB 63 31 06 09 00 12 E0	7524
2967	FB 63 31 06 09 00 12 E0	712
2968	FB 63 31 06 09 00 12 E0	1828
2969	FB 63 31 06 09 00 12 E0	2373
2970	FB 63 31 06 09 00 12 E0	1096
2971	FB 63 31 06 09 00 12 E0	868
2972	FB 63 31 06 09 00 12 E0	570
2973	FB 63 31 06 09 00 12 E0	819
2974	FB 63 31 06 09 00 12 E0	1401
2975	FB 63 31 06 09 00 12 E0	1047
2976	FB 63 31 06 09 00 12 E0	985
2977	FB 63 31 06 09 00 12 E0	1078
2978	FB 63 31 06 09 00 12 E0	1216
2979	FB 63 31 06 09 00 12 E0	1226
2980	FB 63 31 06 09 00 12 E0	2054
2981	FB 63 31 06 09 00 12 E0	923
2982	FB 63 31 06 09 00 12 E0	1926
2983	FB 63 31 06 09 00 12 E0	15143
2984	FB 63 31 06 09 00 12 E0	4049
2985	FB 63 31 06 09 00 12 E0	3851
2986	FB 63 31 06 09 00 12 E0	776
2987	FB 63 31 06 09 00 12 E0	897
2988	FB 63 31 06 09 00 12 E0	1791
2989	FF 49 31 06 09 00 12 E0	813
2990	FF 49 31 06 09 00 12 E0	919
2991	FF 49 31 06 09 00 12 E0	1059
2992	FF 49 31 06 09 00 12 E0	888
2993	FF 49 31 06 09 00 12 E0	2530
